d8:15:0d:9d:d1:be -57 -61 -61 -62 -59 -55 -53 -54 -55 -56
ec:88:8f:c7:07:e6 -69 -69 -64 -64 -64 -64 -64 -66 -66 -66
c6:c6:c6:c6:c6:06 -64 -67 -68 -64 -64 -65 -69 -66 -69 -69
00:21:6a:bd:77:58 -74 -70 -77 -77 -70 -71 -77 -77 -74 -74
c6:c6:c6:c6:c6:01 -65 -70 -70 -71 -65 -64 -67 -65 -73 -70
74:d0:2b:89:83:88 -70 -72 -72 -72 -72 -70 -71 -69 -71 -71
74:d0:2b:89:83:8c -76 -78 -78 -80 -81 -80 -80 -79 -79 -79
00:90:4c:60:00:2c -53 -58 -58 -66 -59 -59 -59 -58 -55 -63
c8:3a:35:16:2b:e8 -64 -64 -63 -60 -60 -60 -60 -70 -70 -70
d0:c7:c0:71:5b:76 -53 -53 -55 -56 -57 -56 -56 -56 -56 -55
6c:6c:6c:6c:6c:09 -63 -64 -64 -64 -64 -64 -64 -64 -65 -64
28:2c:b2:16:39:fe -62 -64 -67 -66 -68 -69 -68 -68 -69 -69
2e:d0:5a:6e:32:85 -70 -69 -68 -68 -68 -68 -69 -67 -66 -66
c6:c6:c6:c6:c6:11 -59 -56 -56 -55 -54 -53 -54 -57 -54 -54
c6:c6:c6:c6:c6:20 -75 -75 -83 -83 -83 -83 -83 -83 -83 -83
c6:c6:c6:c6:c6:05 -63 -70 -70 -70 -70 -70 -66 -66 -66 -66
c6:c6:c6:c6:c6:13 -63 -63 -63 -52 -48 -46 -46 -72 -72 -72
d0:c7:c0:71:74:54 -64 -66 -66 -66 -65 -63 -65 -65 -65 -64
00:21:6b:91:fb:2b -77 -77 -77 -77 -76 -76 -76 -76 -76 -76
d0:c7:c0:71:74:92 -69 -70 -71 -72 -72 -72 -73 -73 -71 -71
84:1b:5e:f2:19:79 -74 -74 -80 -80 -80 -80 -80 -80 -80 -80
00:25:86:84:8e:aa -68 -68 -67 -67 -67 -67 -66 -74 -68 -68
9c:21:6a:9a:55:88 -72 -76 -76 -76 -80 -80 -80 -77 -77 -78
28:2c:b2:fd:bd:bd -94 -94 -94 -94 -94 -97 -97 -97 -97
ec:17:2f:f8:b7:bc -86 -86 -86 -86 -86
