d8:15:0d:9d:d1:be -45 -49 -49 -56 -48 -48 -45 -51 -51 -56
ec:88:8f:c7:07:e6 -59 -61 -61 -61 -61 -61 -62 -62 -62 -62
c6:c6:c6:c6:c6:06 -58 -50 -52 -48 -50 -49 -51 -51 -47 -51
00:21:6a:bd:77:58 -66 -68 -63 -64 -66 -63 -60 -64 -65 -64
c6:c6:c6:c6:c6:01 -63 -67 -62 -61 -59 -59 -59 -60 -60 -60
74:d0:2b:89:83:88 -76 -78 -73 -72 -72 -68 -68 -71 -71 -71
74:d0:2b:89:83:8c -70 -71 -69 -68 -76 -75 -72 -71 -73 -74
00:90:4c:60:00:2c -59 -58 -41 -38 -44 -41 -36 -34 -34 -44
c8:3a:35:16:2b:e8 -60 -53 -50 -52 -51 -51 -51 -54 -53 -57
c6:c6:c6:c6:c6:11 -63 -63 -61 -61 -60 -60 -60 -60 -60 -63
c6:c6:c6:c6:c6:05 -58 -58 -62 -62 -62 -62 -62 -62 -58 -55
6c:6c:6c:6c:6c:09 -64 -64 -66 -66 -66 -66 -66 -66 -66 -66
2e:d0:5a:6e:32:85 -70 -76 -79 -79 -79 -83 -82 -81 -80 -83
d0:c7:c0:71:74:54 -68 -65 -67 -75 -72 -74 -77 -75 -74 -73
28:2c:b2:16:39:fe -80 -79 -85 -85 -85 -84 -84 -84 -84 -82
d0:c7:c0:71:74:92 -78 -83 -81 -81 -81 -84 -84 -84 -90 -87
d0:c7:c0:71:5b:76 -63 -63 -63 -63 -63 -74 -72 -70 -70 -66
c6:c6:c6:c6:c6:20 -71 -71 -71 -75 -74 -74 -74 -74 -74 -74
c6:c6:c6:c6:c6:13 -60 -62 -62 -62 -62 -62 -62 -58
00:21:6b:91:fb:2b -81 -86 -86 -86 -86 -86 -86 -86 -86 -86
1c:fa:68:fe:c8:93 -68 -66 -66 -73 -69 -69 -69 -69 -69 -69
00:90:4c:60:00:1c -87 -87 -87 -87 -87 -87 -84 -84 -87 -87
80:f6:2e:20:8e:41 -97 -97 -96 -96 -95 -95 -95 -95 -95 -97
80:f6:2e:20:8e:40 -95 -95 -95 -95 -94 -94 -94 -94 -94 -95
84:1b:5e:f2:19:79 -62 -62 -62 -62 -62
c6:c6:c6:c6:c6:14 -74 -74 -74 -74 -74 -74 -76 -76 -74 -76
0c:72:2c:7d:27:68 -93 -93 -93 -93 -93
80:f6:2e:20:9a:51 -84 -84 -84 -84 -84 -84 -84 -84
84:1b:5e:f2:19:78 -92 -92 -92 -92 -92 -92 -92 -92 -97
80:f6:2e:20:9a:50 -83 -83 -83 -83 -83 -83 -83 -83
80:f6:2e:20:55:31 -92 -92 -92 -92 -92 -92 -92 -92
