d8:15:0d:9d:d1:be -42 -43 -46 -47 -48 -56 -49 -56 -57 -53
ec:88:8f:c7:07:e6 -58 -58 -58 -58 -58 -58 -59 -59 -59 -59
c6:c6:c6:c6:c6:06 -54 -52 -57 -57 -57 -58 -54 -54 -54 -53
00:21:6a:bd:77:58 -66 -66 -66 -70 -72 -72 -70 -70 -70 -68
c6:c6:c6:c6:c6:01 -61 -57 -62 -58 -59 -62 -61 -57 -60 -60
74:d0:2b:89:83:88 -71 -68 -68 -69 -69 -70 -70 -70 -70 -68
74:d0:2b:89:83:8c -76 -76 -80 -77 -78 -73 -72 -72 -79 -77
00:90:4c:60:00:2c -47 -43 -37 -50 -44 -48 -50 -49 -46 -44
c8:3a:35:16:2b:e8 -55 -55 -55 -53 -50 -53 -53 -53 -59 -57
c6:c6:c6:c6:c6:11 -58 -57 -57 -57 -56 -56 -56 -56 -57 -57
c6:c6:c6:c6:c6:05 -61 -57 -57 -57 -57 -57 -60 -60 -60 -60
6c:6c:6c:6c:6c:09 -59 -60 -60 -60 -60 -60 -60 -60 -60 -60
2e:d0:5a:6e:32:85 -74 -74 -70 -68 -68 -68 -68 -68 -69 -76
d0:c7:c0:71:74:54 -71 -69 -72 -75 -75 -75 -75 -75 -75 -79
28:2c:b2:16:39:fe -77 -77 -76 -74 -71 -73 -73 -73 -74 -72
d0:c7:c0:71:74:92 -84 -80 -80 -80 -80 -86 -86 -86 -86 -88
00:25:86:84:8e:aa -72 -72 -72 -72 -72 -72 -72 -72 -72 -75
d0:c7:c0:71:5b:76 -58 -64 -61 -61 -62 -60 -60 -64 -64 -65
c6:c6:c6:c6:c6:20 -72 -72 -71 -71 -74 -74 -74 -74 -71 -71
c6:c6:c6:c6:c6:13 -57 -57 -57 -57 -62 -62 -62 -62 -60 -60
c6:c6:c6:c6:c6:14 -77 -77 -77 -77 -77 -77 -77 -77 -77
1c:fa:68:fe:c8:93 -73 -73 -73
9c:21:6a:9a:55:88 -73 -73 -75 -75 -75 -75 -75 -75 -75 -75
00:36:76:3b:06:de -79 -79 -79 -79
00:21:6b:91:fb:2b -86 -85 -85 -84 -83 -84 -84 -84 -84 -84
b0:48:7a:3b:a5:3e -91 -90 -90 -90 -90 -90 -90 -90 -90
28:2c:b2:fd:bd:bd -94 -94 -94 -94 -94
84:1b:5e:f2:19:79 -70 -71 -71 -71 -71 -71 -71 -71 -71
14:75:90:0b:82:b6 -92
