d8:15:0d:9d:d1:be -54 -41 -54 -41 -54 -57 -41 -41 -54 -43
ec:88:8f:c7:07:e6 -55 -58 -58 -58 -58 -58 -54 -54 -54 -48
c6:c6:c6:c6:c6:06 -53 -53 -53 -55 -57 -56 -56 -56 -56 -56
00:21:6a:bd:77:58 -62 -62 -62 -66 -66 -65 -61 -65 -65 -65
c6:c6:c6:c6:c6:01 -63 -59 -58 -58 -58 -57 -58 -56 -60 -61
74:d0:2b:89:83:88 -69 -69 -69 -69 -68 -68 -68 -69 -69 -69
74:d0:2b:89:83:8c -73 -70 -69 -69 -74 -73 -77 -76 -76 -76
00:90:4c:60:00:2c -54 -50 -46 -58 -46 -55 -62 -46 -40 -40
c8:3a:35:16:2b:e8 -58 -60 -63 -63 -62 -62 -59 -55 -59 -55
c6:c6:c6:c6:c6:11 -56 -53 -53 -51 -51 -51 -52 -53 -57 -57
c6:c6:c6:c6:c6:05 -61 -61 -61 -61 -61 -61 -59 -59 -60 -60
2e:d0:5a:6e:32:85 -75 -72 -71 -72 -72 -72 -72 -71 -70 -70
d0:c7:c0:71:74:54 -62 -65 -65 -65 -65 -64 -64 -64 -66 -66
28:2c:b2:16:39:fe -81 -79 -80 -80 -79 -78 -78 -78 -78 -79
d0:c7:c0:71:74:92 -86 -84 -83 -83 -82 -80 -81 -80 -80 -80
d0:c7:c0:71:5b:76 -60 -59 -59 -59 -55 -55 -56 -56 -58 -55
1c:fa:68:fe:c8:93 -76 -72 -72 -72 -71 -70 -70 -70 -70 -70
00:90:4c:60:00:1c -82 -82 -81 -81 -81 -87 -87
80:f6:2e:20:8e:41 -90 -92 -92 -92 -92 -92 -92 -92 -92 -92
80:f6:2e:20:8e:40 -91 -92 -92 -92 -92 -90 -91 -91 -91 -91
84:1b:5e:f2:19:78 -92 -92 -92 -92 -92 -92 -92 -92 -92 -92
c6:c6:c6:c6:c6:13 -61 -62 -62 -62 -59 -59 -59 -59 -59 -59
84:1b:5e:f2:19:79 -64 -64 -64 -64 -64
6c:6c:6c:6c:6c:09 -64 -65 -63 -63 -63 -63 -63 -63 -63 -63
00:21:6b:91:fb:2b -82 -82 -77 -77 -77 -77 -76 -76 -75 -75
00:36:76:3b:06:de -83 -78 -78 -78 -78 -78 -78
80:f6:2e:20:9a:51 -85 -85
80:f6:2e:20:8e:51 -76 -76 -76 -76
80:f6:2e:20:8e:50 -70 -70 -70 -70
80:f6:2e:20:57:21 -91 -92 -92 -92 -92 -92 -95 -95 -95 -95
80:f6:2e:20:5a:e1 -97 -97 -97 -97 -97 -97 -97 -97 -97 -97
80:f6:2e:20:56:41 -98 -98 -98 -98 -98 -98 -98 -98 -98 -98
80:f6:2e:20:9a:41 -98 -98 -97 -98 -98 -98 -98 -98 -98 -98
80:f6:2e:20:57:20 -93 -93 -93 -92 -92 -92 -95 -95 -95 -95
80:f6:2e:20:56:40 -96 -96 -96 -96 -96 -96 -96 -96 -97 -96
80:f6:2e:20:5a:e0 -96 -96 -96 -96 -96 -96 -96 -96 -96 -96
80:f6:2e:20:9a:40 -95 -95 -96 -96 -97 -97 -97 -97 -97
c6:c6:c6:c6:c6:20 -64 -64 -64 -64 -64 -64 -68 -68
