d8:15:0d:9d:d1:be -46 -45 -39 -39 -43 -43 -55 -55 -57 -46
ec:88:8f:c7:07:e6 -62 -60 -60 -60 -60 -60 -53 -53 -53 -55
c6:c6:c6:c6:c6:06 -54 -60 -54 -51 -62 -68 -59 -63 -65 -57
00:21:6a:bd:77:58 -63 -60 -60 -63 -66 -66 -66 -70 -64 -66
c6:c6:c6:c6:c6:01 -59 -59 -59 -62 -62 -62 -62 -63 -63 -63
74:d0:2b:89:83:88 -70 -74 -74 -75 -71 -71 -70 -67 -67 -67
74:d0:2b:89:83:8c -78 -76 -76 -77 -77 -77 -76 -76 -73 -72
00:90:4c:60:00:2c -48 -38 -54 -44 -50 -56 -44 -37 -34 -34
c8:3a:35:16:2b:e8 -56 -56 -58 -59 -63 -66 -67 -68 -61 -61
c6:c6:c6:c6:c6:11 -57 -57 -52 -52 -56 -56 -56 -58 -58 -62
c6:c6:c6:c6:c6:05 -59 -59 -59 -59 -55 -55 -56 -56 -58 -58
2e:d0:5a:6e:32:85 -79 -76 -76 -80 -80 -81 -81 -81 -81 -82
d0:c7:c0:71:74:54 -60 -63 -58 -58 -59 -60 -60 -61 -61 -61
28:2c:b2:16:39:fe -84 -84 -82 -84 -84 -84 -84 -84 -84 -84
d0:c7:c0:71:74:92 -82 -82 -84 -87 -87 -85 -85 -85 -83 -86
d0:c7:c0:71:5b:76 -68 -60 -60 -62 -61 -61 -61 -61 -61 -61
c6:c6:c6:c6:c6:20 -69 -69 -69 -69 -69
1c:fa:68:fe:c8:93 -66 -66 -66 -66 -66 -66 -64 -64 -70 -71
00:90:4c:60:00:1c -83 -84 -84 -84 -84 -84 -84 -91 -91 -91
80:f6:2e:20:8e:41 -95 -93 -93 -93 -93 -93 -93 -93 -92 -92
80:f6:2e:20:8e:40 -93 -93 -93 -93 -92 -92 -92 -91 -91 -91
c6:c6:c6:c6:c6:14 -68 -68 -68 -78 -78 -78 -78 -78 -78 -78
84:1b:5e:f2:19:78 -88 -88 -88 -88 -88 -96 -96 -96 -96 -96
c6:c6:c6:c6:c6:13 -59 -62 -56 -56 -57 -57 -57 -57 -57 -58
84:1b:5e:f2:19:79 -56 -64 -64 -64 -64 -64 -61 -61 -61 -61
6c:6c:6c:6c:6c:09 -77 -77 -64 -64 -64 -64 -64 -66 -63 -63
80:f6:2e:20:55:30 -90 -90 -90 -90
b0:48:7a:3b:a5:3e -93 -89 -89 -89 -89 -89 -89 -89
80:f6:2e:20:55:31 -86 -86 -86 -86 -86 -86 -86
00:21:6b:91:fb:2b -92 -92 -88 -87 -87 -86 -86 -86 -86 -86
0c:72:2c:7d:27:68 -90 -90 -90 -90 -90 -90 -90
80:f6:2e:20:8e:50 -83 -83 -83 -83 -83 -83
00:36:76:3b:06:de -82
