d8:15:0d:9d:d1:be -50 -53 -56 -56 -54 -53 -52 -52 -50 -49
ec:88:8f:c7:07:e6 -72 -72 -72 -72 -72 -74 -74 -74 -74 -74
c6:c6:c6:c6:c6:06 -64 -60 -59 -55 -57 -55 -56 -56 -62 -58
00:21:6a:bd:77:58 -70 -66 -65 -69 -69 -69 -73 -70 -74 -66
c6:c6:c6:c6:c6:01 -61 -58 -56 -56 -64 -62 -58 -61 -60 -60
74:d0:2b:89:83:88 -73 -73 -72 -69 -67 -67 -67 -67 -71 -72
74:d0:2b:89:83:8c -81 -85 -83 -81 -81 -78 -78 -78 -78 -78
00:90:4c:60:00:2c -45 -52 -55 -59 -57 -50 -50 -54 -53 -58
c8:3a:35:16:2b:e8 -58 -58 -58 -56 -56 -61 -63 -63 -63 -66
d0:c7:c0:71:5b:76 -64 -62 -62 -61 -63 -65 -65 -65 -65 -65
6c:6c:6c:6c:6c:09 -65 -65 -65 -65 -65 -65 -65 -65 -65 -65
28:2c:b2:16:39:fe -70 -68 -68 -67 -67 -67 -67 -67 -68 -69
2e:d0:5a:6e:32:85 -69 -71 -72 -69 -69 -69 -68 -68 -68 -68
c6:c6:c6:c6:c6:11 -61 -59 -58 -61 -63 -63 -63 -63 -63 -63
c6:c6:c6:c6:c6:05 -61 -61 -62 -62 -62 -59 -58 -58 -58 -57
c6:c6:c6:c6:c6:13 -53 -53 -53 -54 -54 -53 -52 -52 -52 -52
d0:c7:c0:71:74:54 -63 -67 -65 -68 -67 -68 -68 -68 -66 -66
00:21:6b:91:fb:2b -79 -79 -87 -85 -85 -85 -85 -85 -79 -80
d0:c7:c0:71:74:92 -81 -78 -77 -77 -77 -81 -82 -81 -80 -80
00:25:86:84:8e:aa -74 -74 -74 -74 -74 -81 -81 -78 -78 -78
9c:21:6a:9a:55:88 -76 -71 -71 -75 -75 -75 -75 -75 -75 -75
84:1b:5e:f2:19:79 -72 -72 -72 -75 -75 -75 -75 -75 -75 -75
c6:c6:c6:c6:c6:20 -74 -74 -74 -74 -74 -74 -74 -74 -74 -75
80:f6:2e:20:8e:51 -83 -83 -83 -83 -83 -83 -83 -83
28:2c:b2:fd:bd:bd -97 -97 -97 -97 -97 -97 -97
c6:c6:c6:c6:c6:14 -78 -80 -80 -80 -80 -80
00:90:4c:60:00:1c -84 -84
1c:fa:68:fe:c8:93 -77
