d8:15:0d:9d:d1:be -50 -50 -48 -44 -55 -47 -45 -55 -51 -56
ec:88:8f:c7:07:e6 -60 -60 -60 -60 -60 -57 -57 -57 -57 -58
c6:c6:c6:c6:c6:06 -55 -55 -56 -58 -58 -48 -47 -52 -53 -53
00:21:6a:bd:77:58 -60 -64 -66 -62 -66 -68 -62 -61 -61 -69
c6:c6:c6:c6:c6:01 -62 -62 -62 -60 -62 -66 -66 -66 -65 -65
74:d0:2b:89:83:88 -69 -74 -75 -71 -82 -78 -78 -78 -78 -74
74:d0:2b:89:83:8c -76 -78 -78 -70 -69 -77 -77 -77 -76 -78
00:90:4c:60:00:2c -45 -57 -42 -54 -50 -45 -50 -46 -55 -57
c8:3a:35:16:2b:e8 -57 -58 -57 -57 -63 -55 -55 -62 -64 -59
c6:c6:c6:c6:c6:11 -56 -56 -57 -61 -63 -63 -59 -59 -58 -57
c6:c6:c6:c6:c6:05 -58 -66 -66 -66 -59 -59 -58 -58 -65 -65
6c:6c:6c:6c:6c:09 -69 -69 -69 -68 -68 -67 -67 -63 -63 -63
2e:d0:5a:6e:32:85 -77 -75 -73 -76 -76 -79 -78 -74 -70 -73
d0:c7:c0:71:74:54 -68 -68 -64 -64 -63 -63 -63 -64 -64 -63
28:2c:b2:16:39:fe -77 -75 -74 -76 -77 -78 -78 -74 -73 -73
d0:c7:c0:71:74:92 -78 -78 -78 -87 -87 -83 -83 -83 -84 -82
d0:c7:c0:71:5b:76 -60 -58 -58 -58 -58 -56 -56 -56 -57 -55
c6:c6:c6:c6:c6:20 -71 -71 -71 -71 -71 -71 -71 -76 -76 -76
c6:c6:c6:c6:c6:13 -66 -65 -65 -63 -62 -62 -62 -64 -64 -64
00:21:6b:91:fb:2b -86 -82 -81 -81 -84 -84 -82 -81 -81 -81
84:1b:5e:f2:19:79 -68 -68 -68 -68 -68 -68 -68 -68
1c:fa:68:fe:c8:93 -79 -75 -75 -75 -72 -75 -75 -74 -74 -74
00:90:4c:60:00:1c -82 -84 -84 -84 -84 -84 -84 -76 -76 -84
80:f6:2e:20:8e:41 -96 -96 -96 -96 -96 -98 -97 -98 -98 -97
80:f6:2e:20:8e:40 -96 -96 -96 -96 -96 -96 -96 -96 -96 -96
80:f6:2e:20:8e:51 -80 -80 -80 -80 -79
c8:3a:35:2f:e1:b8 -86 -86 -86 -86 -86
84:1b:5e:f2:19:78 -96 -96 -96 -96 -96 -96 -96
9c:21:6a:9a:55:88 -70 -70 -73 -73 -73 -73 -73
00:36:76:3b:06:de -79 -79 -79 -79 -79
a4:99:47:e7:72:c4 -93 -93 -93 -93
00:1d:0f:77:c2:1c -90 -90 -90
80:f6:2e:20:5a:b1 -91 -91 -91
