d8:15:0d:9d:d1:be -47 -51 -47 -55 -50 -50 -49 -56 -52 -56
ec:88:8f:c7:07:e6 -48 -48 -49 -49 -49 -49 -49 -54 -54 -54
c6:c6:c6:c6:c6:06 -59 -69 -57 -52 -60 -57 -59 -57 -57 -57
00:21:6a:bd:77:58 -61 -61 -63 -60 -60 -61 -64 -64 -62 -62
c6:c6:c6:c6:c6:01 -65 -65 -68 -65 -62 -60 -63 -59 -62 -60
74:d0:2b:89:83:88 -68 -69 -75 -70 -69 -65 -66 -68 -68 -68
74:d0:2b:89:83:8c -79 -79 -71 -72 -72 -72 -70 -75 -76 -71
00:90:4c:60:00:2c -49 -50 -43 -47 -51 -75 -52 -51 -49 -60
c8:3a:35:16:2b:e8 -62 -58 -57 -59 -59 -59 -60 -58 -54 -53
c6:c6:c6:c6:c6:11 -55 -57 -57 -55 -56 -56 -56 -56 -56 -56
c6:c6:c6:c6:c6:05 -57 -57 -57 -57 -57 -62 -62 -64 -64 -64
2e:d0:5a:6e:32:85 -83 -82 -82 -80 -81 -83 -83 -87 -85 -83
d0:c7:c0:71:74:54 -74 -62 -70 -69 -69 -68 -68 -69 -69 -69
28:2c:b2:16:39:fe -82 -82 -82 -85 -85 -85 -85 -82 -83 -83
d0:c7:c0:71:74:92 -86 -83 -81 -83 -83 -83 -82 -82 -81 -81
d0:c7:c0:71:5b:76 -59 -60 -62 -62 -68 -66 -66 -66 -62 -63
1c:fa:68:fe:c8:93 -77 -72 -72 -70 -73 -69 -69 -69 -69 -69
80:f6:2e:20:8e:41 -88 -88 -89 -91 -92 -92 -92 -93 -93 -92
80:f6:2e:20:8e:40 -88 -88 -89 -91 -91 -91 -91 -92 -92 -91
84:1b:5e:f2:19:78 -91 -96 -96 -96 -96 -96 -94 -94 -94 -94
c6:c6:c6:c6:c6:13 -65 -65 -65 -65 -65 -65 -66 -66 -66
00:21:6b:91:fb:2b -82 -82 -82 -82 -82 -82 -82 -82 -86
80:f6:2e:20:57:21 -91 -91 -91 -91 -91
80:f6:2e:20:56:41 -96 -96 -96 -96 -96
80:f6:2e:20:57:20 -91 -91 -91 -91 -91
80:f6:2e:20:56:40 -96 -96 -96 -96 -96
80:f6:2e:20:9a:40 -96 -96 -96 -96
00:90:4c:60:00:1c -87 -87 -87 -83 -83 -83 -83 -83 -83 -85
84:1b:5e:f2:19:79 -64 -66
6c:6c:6c:6c:6c:09 -65 -65 -65 -63 -67 -67 -64 -64 -64 -65
80:f6:2e:20:5a:e1 -97 -97 -97 -97
80:f6:2e:20:9a:41 -96 -96 -96 -96 -96 -99
80:f6:2e:20:58:c1 -98 -98 -98 -98
80:f6:2e:20:5a:e0 -96 -96 -96 -96
80:f6:2e:20:58:c0 -98 -98 -98 -98
c6:c6:c6:c6:c6:14 -78 -78 -78 -78 -78 -78 -78 -78
c6:c6:c6:c6:c6:20 -73 -69 -69 -69 -69 -71 -71
00:36:76:3b:06:de -83 -83 -83
80:f6:2e:20:58:d1 -76 -76
0c:72:2c:7d:27:68 -89 -89
80:f6:2e:20:55:30 -88
