d8:15:0d:9d:d1:be -49 -52 -50 -47 -45 -45 -55 -45 -55 -46
ec:88:8f:c7:07:e6 -54 -54 -48 -48 -48 -48 -47 -47 -47 -47
c6:c6:c6:c6:c6:06 -58 -59 -58 -55 -55 -55 -55 -55 -56 -59
00:21:6a:bd:77:58 -61 -57 -68 -59 -59 -60 -58 -53 -62 -59
c6:c6:c6:c6:c6:01 -60 -66 -61 -59 -59 -59 -60 -59 -59 -58
74:d0:2b:89:83:88 -62 -66 -70 -66 -66 -66 -66 -67 -65 -65
74:d0:2b:89:83:8c -68 -75 -69 -66 -68 -68 -68 -67 -66 -66
00:90:4c:60:00:2c -47 -48 -44 -51 -54 -55 -51 -54 -50 -56
c8:3a:35:16:2b:e8 -60 -60 -60 -56 -56 -57 -53 -51 -73 -58
c6:c6:c6:c6:c6:11 -59 -59 -62 -60 -60 -60 -60 -60 -60 -58
c6:c6:c6:c6:c6:05 -60 -56 -56 -56 -58 -58 -57 -57 -56 -56
2e:d0:5a:6e:32:85 -86 -82 -79 -79 -82 -82 -82 -82 -81 -80
d0:c7:c0:71:74:54 -68 -69 -73 -68 -61 -60 -59 -59 -59 -59
d0:c7:c0:71:74:92 -81 -83 -83 -86 -86 -86 -86 -86 -87 -87
d0:c7:c0:71:5b:76 -65 -65 -69 -69 -61 -59 -62 -62 -59 -59
1c:fa:68:fe:c8:93 -78 -80 -80 -80 -71 -71 -69 -69 -69 -72
80:f6:2e:20:8e:41 -94 -94 -97 -97 -97 -97 -97 -98
80:f6:2e:20:8e:40 -94 -94 -97 -97 -97 -97 -97 -97
00:90:4c:60:00:1c -83 -83 -85 -87 -87 -87 -87 -87 -87 -87
6c:6c:6c:6c:6c:09 -64 -64 -69 -69 -69 -69 -69 -69 -69 -70
c6:c6:c6:c6:c6:20 -71 -71 -71 -71 -71 -71 -73 -73 -73 -73
c6:c6:c6:c6:c6:13 -65 -69 -69 -69 -69 -69 -69 -69 -70
00:36:76:3b:06:de -80 -80 -80
84:1b:5e:f2:19:79 -67 -67 -66 -66 -66 -66 -66 -66 -66
00:21:6b:91:fb:2b -88 -84 -86 -86 -85 -85 -85 -85 -85 -85
80:f6:2e:20:9a:41 -99 -99
80:f6:2e:20:55:30 -91 -91 -87 -87 -87 -87 -86 -86 -86 -86
80:f6:2e:20:9a:51 -82 -85 -85 -85 -85 -85 -85
80:f6:2e:20:9a:40 -97 -97
80:f6:2e:20:8e:51 -73 -73
80:f6:2e:20:55:31 -91 -91 -87 -87 -87 -87 -88 -88 -88 -88
a4:99:47:e7:72:c4 -84 -86 -86 -86 -86 -81 -86 -86 -86 -86
d4:ee:07:08:ff:cc -93 -93 -93 -93 -93
80:f6:2e:20:88:c0 -94 -94 -94 -94 -94
ec:17:2f:f8:b7:bc -85 -85 -85 -85 -85 -85
c6:c6:c6:c6:c6:14 -70 -74 -74 -74 -74 -74 -70 -70 -70
28:2c:b2:16:39:fe -85 -85 -85 -85 -85 -85 -85
84:1b:5e:f2:19:78 -90 -90 -96 -96 -96 -96 -96 -96 -96
80:f6:2e:20:8e:50 -77 -77 -77 -77 -77 -77 -77
9c:21:6a:f4:cf:79 -87 -87 -87 -87 -87 -87 -87
80:f6:2e:20:57:21 -94 -94 -94 -94 -94 -94 -94
80:f6:2e:20:57:20 -93 -93 -93 -93 -93 -93 -93
80:f6:2e:20:5a:e1 -97 -97 -97 -97 -97 -97
80:f6:2e:20:9a:50 -81 -81 -84 -84 -84 -84
80:f6:2e:20:5a:e0 -96 -96 -96 -96 -96 -96
80:f6:2e:20:5a:f1 -89 -89 -89 -89 -89
0c:72:2c:7d:27:68 -91 -91 -91 -91 -92
00:1d:0f:77:c2:1c -86
