d8:15:0d:9d:d1:be -52 -52 -51 -56 -53 -53 -53 -53 -53 -52
ec:88:8f:c7:07:e6 -47 -47 -47 -47 -47 -51 -51 -51 -51 -46
c6:c6:c6:c6:c6:06 -57 -57 -55 -55 -55 -55 -50 -55 -55 -56
00:21:6a:bd:77:58 -59 -63 -61 -57 -57 -53 -57 -66 -60 -59
c6:c6:c6:c6:c6:01 -65 -69 -66 -59 -61 -59 -59 -67 -60 -61
74:d0:2b:89:83:88 -71 -71 -71 -72 -72 -71 -72 -72 -69 -69
74:d0:2b:89:83:8c -76 -76 -73 -73 -77 -73 -73 -73 -77 -77
00:90:4c:60:00:2c -45 -42 -55 -46 -42 -42 -42 -75 -49 -43
c8:3a:35:16:2b:e8 -52 -55 -53 -68 -55 -61 -53 -57 -53 -51
c6:c6:c6:c6:c6:11 -60 -60 -61 -61 -59 -63 -63 -63 -63 -66
c6:c6:c6:c6:c6:05 -59 -59 -59 -57 -59 -59 -59 -64 -62 -62
2e:d0:5a:6e:32:85 -83 -78 -77 -74 -74 -74 -76 -76 -76 -76
d0:c7:c0:71:74:54 -63 -66 -66 -65 -65 -67 -68 -69 -70 -70
d0:c7:c0:71:74:92 -84 -80 -81 -81 -78 -82 -82 -82 -82 -85
1c:fa:68:fe:c8:93 -75 -75 -75 -75 -77 -77 -77 -77 -77 -77
00:21:6b:91:fb:2b -83 -83 -83 -83 -83 -83
28:2c:b2:16:39:fe -82 -87 -82 -85 -82 -84 -81 -83 -82 -82
84:1b:5e:f2:19:78 -94 -89 -91 -91 -91 -91 -90 -90 -90 -90
80:f6:2e:20:55:31 -84 -84 -84 -84 -84 -78 -78 -78 -84 -83
00:36:76:3b:06:de -79 -78 -78 -78 -78 -78 -78 -78
d0:c7:c0:71:5b:76 -64 -61 -62 -62 -62 -58 -58 -61 -61 -61
00:90:4c:60:00:1c -84 -84 -84 -84 -84 -84 -84 -84 -84 -84
80:f6:2e:20:55:30 -84 -84 -84 -88 -88 -82 -80 -80 -80 -80
80:f6:2e:20:56:41 -98 -98 -98 -98 -98 -99 -96 -96 -96 -96
80:f6:2e:20:56:40 -97 -97 -97 -97 -97 -96 -95 -95 -95 -95
c6:c6:c6:c6:c6:20 -65 -65 -65 -65 -65 -69 -69 -69 -70 -69
c6:c6:c6:c6:c6:13 -72 -68 -68 -72 -76 -76 -76 -76 -76 -69
80:f6:2e:20:55:20 -96
80:f6:2e:20:55:21 -96 -96 -96
80:f6:2e:20:8e:41 -98 -98 -98 -98 -98 -98
80:f6:2e:20:8e:40 -96 -96 -96 -96 -96 -96
6c:6c:6c:6c:6c:09 -70 -71 -71 -71 -71 -71 -71 -71 -71 -69
c6:c6:c6:c6:c6:14 -72 -87 -87 -87 -87 -87 -87 -87 -78 -82
80:f6:2e:20:9a:50 -86 -86 -86 -86 -86 -86
84:1b:5e:f2:19:79 -67 -67 -67 -67 -67 -67 -67 -71
b0:48:7a:3b:a5:3e -90 -90 -90
2a:5d:60:01:e3:cf -68
