d8:15:0d:9d:d1:be -44 -55 -47 -55 -47 -46 -44 -47 -55 -57
ec:88:8f:c7:07:e6 -58 -58 -58 -58 -59 -59 -59 -59 -59 -59
c6:c6:c6:c6:c6:06 -41 -43 -44 -45 -48 -47 -51 -47 -47 -47
00:21:6a:bd:77:58 -60 -63 -60 -64 -61 -64 -66 -63 -60 -56
c6:c6:c6:c6:c6:01 -64 -64 -59 -59 -61 -61 -61 -61 -61 -61
74:d0:2b:89:83:88 -64 -66 -68 -69 -69 -69 -69 -69 -67 -71
74:d0:2b:89:83:8c -73 -72 -75 -72 -68 -68 -68 -72 -68 -68
00:90:4c:60:00:2c -45 -41 -37 -37 -53 -62 -42 -38 -38 -38
c8:3a:35:16:2b:e8 -48 -49 -60 -60 -60 -53 -53 -53 -53 -53
c6:c6:c6:c6:c6:11 -56 -56 -54 -54 -56 -56 -56 -58 -58 -58
c6:c6:c6:c6:c6:05 -57 -55 -55 -55 -57 -57 -57 -57 -64 -66
2e:d0:5a:6e:32:85 -72 -67 -68 -69 -69 -70 -69 -69 -72 -70
d0:c7:c0:71:74:54 -61 -64 -65 -68 -65 -64 -62 -61 -65 -65
d0:c7:c0:71:74:92 -82 -86 -86 -87 -87 -87 -87 -87 -87 -87
28:2c:b2:16:39:fe -76 -76 -77 -79 -77 -80 -80 -80 -81 -81
c6:c6:c6:c6:c6:20 -73 -73 -73 -73 -68 -68 -68 -68 -68
c6:c6:c6:c6:c6:13 -57 -57 -57 -58 -60 -60 -60 -61 -57 -57
00:21:6b:91:fb:2b -77 -77 -77 -77 -77 -77 -77 -84 -83 -81
d0:c7:c0:71:5b:76 -62 -55 -58 -57 -57 -57 -57 -57 -57 -66
84:1b:5e:f2:19:78 -89 -89 -89 -89 -89 -89 -89
80:f6:2e:20:8e:41 -98 -96 -95 -95 -96 -96 -96 -96 -96 -96
80:f6:2e:20:8e:40 -97 -96 -95 -95 -95 -95 -95 -95 -96 -96
6c:6c:6c:6c:6c:09 -64 -64 -67 -67 -67 -67 -67 -67 -67 -67
84:1b:5e:f2:19:79 -72 -72 -72 -72 -63 -63 -63 -63
c6:c6:c6:c6:c6:14 -70 -70 -70 -70 -70 -70
00:25:86:84:8e:aa -67 -67 -67 -67 -67 -67 -67
00:90:4c:60:00:1c -83 -83 -83 -83 -83 -83 -83
80:f6:2e:20:55:31 -88 -88 -88 -88 -88 -88 -88
80:f6:2e:20:57:21 -95 -95 -95 -95 -95 -95 -96 -96
80:f6:2e:20:55:30 -87 -87 -87 -87 -87 -87 -87
80:f6:2e:20:57:20 -94 -94 -94 -95 -95 -95 -98 -98
80:f6:2e:20:56:40 -98 -98 -98 -96 -96 -96 -96 -96
80:f6:2e:20:8e:50 -74 -74 -74 -74 -74 -74
80:f6:2e:20:56:41 -97 -97 -97 -96 -96
