d8:15:0d:9d:d1:be -47 -48 -48 -48 -49 -56 -49 -48 -48 -48
ec:88:8f:c7:07:e6 -53 -53 -53 -53 -53 -60 -60 -60 -60 -60
c6:c6:c6:c6:c6:06 -57 -59 -60 -60 -53 -58 -59 -59 -59 -53
00:21:6a:bd:77:58 -65 -65 -63 -64 -65 -63 -63 -64 -65 -65
c6:c6:c6:c6:c6:01 -59 -59 -63 -63 -59 -62 -59 -59 -64 -66
74:d0:2b:89:83:88 -66 -65 -68 -68 -68 -68 -68 -71 -71 -72
74:d0:2b:89:83:8c -79 -78 -78 -78 -78 -78 -79 -82 -81 -81
00:90:4c:60:00:2c -44 -56 -50 -59 -61 -52 -45 -44 -51 -44
c8:3a:35:16:2b:e8 -58 -62 -63 -62 -70 -62 -58 -57 -57 -57
c6:c6:c6:c6:c6:11 -59 -62 -62 -65 -65 -65 -62 -62 -62 -63
c6:c6:c6:c6:c6:05 -60 -60 -60 -60 -60 -67 -65 -64 -64 -63
6c:6c:6c:6c:6c:09 -62 -60 -60 -60 -59 -59 -59 -59 -59 -59
2e:d0:5a:6e:32:85 -73 -73 -72 -74 -73 -73 -73 -73 -72 -72
d0:c7:c0:71:74:54 -64 -68 -69 -69 -69 -69 -69 -69 -69 -70
28:2c:b2:16:39:fe -74 -80 -79 -79 -80 -80 -80 -80 -79 -79
d0:c7:c0:71:74:92 -75 -75 -78 -78 -79 -81 -81 -78 -80 -81
00:25:86:84:8e:aa -79 -83 -80 -80 -82 -82 -82 -82 -82 -82
d0:c7:c0:71:5b:76 -62 -62 -62 -63 -64 -65 -65 -66 -66 -65
c6:c6:c6:c6:c6:20 -69 -69 -68 -70 -70 -70 -68 -70 -70 -70
c6:c6:c6:c6:c6:13 -53 -55 -55 -55 -55 -55 -55 -59 -59 -58
84:1b:5e:f2:19:78 -91 -91 -91
00:90:4c:60:00:1c -86 -86 -86 -86 -88 -88 -88 -88 -88 -88
80:f6:2e:20:8e:50 -76 -76 -76 -73 -73 -73 -73 -73 -73
00:21:6b:91:fb:2b -82 -82 -82 -82 -82 -82 -82
c6:c6:c6:c6:c6:14 -75 -75 -75 -75 -79 -79 -75 -75 -75 -75
1c:fa:68:fe:c8:93 -81 -76 -76 -76 -76 -73 -73 -73 -73 -80
00:36:76:3b:06:de -79 -79 -79 -79 -79 -79 -79 -79
80:f6:2e:20:8e:41 -98 -98 -98 -98 -98 -98 -98 -98
84:1b:5e:f2:19:79 -70 -71 -71 -71 -72
