d8:15:0d:9d:d1:be -43 -47 -45 -40 -41 -49 -49 -56 -41 -37
ec:88:8f:c7:07:e6 -58 -58 -58 -58 -58 -54 -54 -54 -54 -53
c6:c6:c6:c6:c6:06 -53 -57 -63 -51 -55 -54 -46 -46 -57 -52
00:21:6a:bd:77:58 -58 -58 -54 -66 -54 -54 -55 -51 -56 -55
c6:c6:c6:c6:c6:01 -59 -59 -60 -60 -60 -60 -59 -62 -62 -67
74:d0:2b:89:83:88 -72 -71 -71 -71 -79 -74 -70 -74 -76 -81
74:d0:2b:89:83:8c -73 -72 -72 -71 -75 -76 -79 -73 -73 -74
00:90:4c:60:00:2c -35 -35 -36 -53 -37 -40 -54 -40 -43 -36
c8:3a:35:16:2b:e8 -62 -59 -55 -56 -52 -56 -55 -59 -57 -57
c6:c6:c6:c6:c6:11 -55 -57 -56 -59 -54 -48 -52 -52 -52 -55
c6:c6:c6:c6:c6:05 -56 -56 -56 -56 -61 -61 -61 -61 -58 -58
2e:d0:5a:6e:32:85 -79 -75 -77 -78 -79 -81 -87 -86 -78 -78
d0:c7:c0:71:74:54 -59 -62 -63 -63 -63 -63 -65 -62 -61 -63
d0:c7:c0:71:74:92 -80 -80 -80 -80 -80 -87 -86 -88 -88 -88
28:2c:b2:16:39:fe -78 -78 -78 -79 -82 -82 -82 -86 -76 -80
c6:c6:c6:c6:c6:20 -69 -68 -68 -68 -68 -68 -68 -69 -69 -67
c6:c6:c6:c6:c6:13 -62 -62 -60 -60 -58 -60 -62 -62 -59 -57
1c:fa:68:fe:c8:93 -78 -78 -78 -78 -77 -77 -75 -75 -75 -73
00:21:6b:91:fb:2b -86 -86 -87 -87 -88 -88 -88 -88 -88 -88
00:36:76:3b:06:de -72 -72 -72 -72 -77 -77 -77
d0:c7:c0:71:5b:76 -68 -68 -64 -64 -64 -64 -64 -64 -64 -64
c6:c6:c6:c6:c6:14 -76 -76 -76 -76 -76 -76 -76
6c:6c:6c:6c:6c:09 -64
84:1b:5e:f2:19:78 -92 -92 -92 -92 -92 -91 -91 -91 -95 -95
80:f6:2e:20:8e:41 -97 -98 -98 -98 -98 -98 -97 -97 -97 -95
80:f6:2e:20:8e:40 -97 -97 -97 -97 -97 -97 -97 -96 -96 -95
80:f6:2e:20:57:21 -92 -92 -92 -92 -92 -92 -92
80:f6:2e:20:56:41 -96 -96 -96 -96 -96 -96 -96
80:f6:2e:20:57:20 -92 -92 -92 -92 -92 -92 -92
80:f6:2e:20:56:40 -96 -96 -96 -96 -96 -96 -96
80:f6:2e:20:8e:51 -75 -75 -75 -75 -75 -75 -75 -75
80:f6:2e:20:55:30 -86 -86 -86 -86 -86 -86 -86 -85 -85 -85
84:1b:5e:f2:19:79 -68 -68 -68 -68 -68 -68 -68
0c:72:2c:7d:27:68 -87 -87 -87 -87 -85 -85 -85
80:f6:2e:20:55:31 -85 -85 -85 -85
00:90:4c:60:00:1c -88 -88 -88
00:25:86:84:8e:aa -73 -78 -77
