d8:15:0d:9d:d1:be -54 -46 -44 -46 -45 -45 -43 -44 -48 -49
ec:88:8f:c7:07:e6 -51 -51 -51 -51 -45 -45 -45 -45 -45 -45
c6:c6:c6:c6:c6:06 -57 -53 -53 -61 -51 -55 -55 -55 -55 -53
00:21:6a:bd:77:58 -59 -61 -56 -53 -54 -56 -56 -56 -52 -59
c6:c6:c6:c6:c6:01 -55 -61 -67 -59 -65 -58 -59 -57 -57 -57
74:d0:2b:89:83:88 -63 -67 -70 -69 -78 -69 -65 -65 -64 -64
74:d0:2b:89:83:8c -76 -76 -70 -70 -75 -72 -72 -69 -67 -67
00:90:4c:60:00:2c -38 -50 -56 -50 -45 -38 -60 -53 -49 -39
c8:3a:35:16:2b:e8 -57 -57 -57 -57 -57 -58 -58 -61 -61 -59
c6:c6:c6:c6:c6:11 -52 -59 -57 -57 -57 -61 -61 -61 -57 -56
c6:c6:c6:c6:c6:05 -49 -53 -53 -58 -54 -54 -57 -58 -61 -58
2e:d0:5a:6e:32:85 -71 -71 -71 -79 -76 -81 -80 -83 -83 -78
d0:c7:c0:71:74:54 -61 -57 -65 -69 -65 -64 -63 -64 -64 -64
d0:c7:c0:71:74:92 -77 -77 -81 -81 -81 -81 -81 -80 -79 -81
1c:fa:68:fe:c8:93 -83 -83 -83 -83 -83 -80 -80 -80 -85 -85
6c:6c:6c:6c:6c:09 -63 -63 -63 -68 -68 -68 -68 -68 -68
c6:c6:c6:c6:c6:20 -68 -68 -67 -67 -67 -67 -67 -67 -63
00:21:6b:91:fb:2b -79 -79 -79 -79 -79 -81 -82 -83 -83 -83
0c:72:2c:7d:27:68 -91 -82 -85 -85 -85 -85 -85
28:2c:b2:16:39:fe -80 -76 -82 -82 -81 -81 -81 -83 -83 -86
84:1b:5e:f2:19:78 -88 -93 -93 -93 -93 -91 -91 -91 -91 -91
80:f6:2e:20:55:31 -78 -80 -83 -83 -81 -83 -83 -85 -85 -82
00:36:76:3b:06:de -73 -73 -73 -84 -84 -84 -84 -81 -83 -83
d0:c7:c0:71:5b:76 -58 -55 -61 -61 -62 -62 -61 -63 -63 -63
80:f6:2e:20:8e:51 -75 -74 -74 -74 -74 -74 -74 -74 -75
00:90:4c:60:00:1c -82 -82 -88 -88 -88 -88 -88 -88 -84 -84
80:f6:2e:20:55:21 -97 -97
80:f6:2e:20:55:20 -94 -94 -96 -96 -96 -96 -96
84:1b:5e:f2:19:79 -58 -58 -58 -58 -58 -57 -57 -60 -60 -62
9c:d6:43:4e:e9:50 -86 -86 -86 -86
80:f6:2e:20:55:30 -76 -80 -80 -80 -80 -83 -83 -85 -85 -85
80:f6:2e:20:9a:50 -82 -83 -83 -83 -83 -83 -83 -83
80:f6:2e:20:57:21 -95 -95 -93 -94 -94 -95 -95 -95 -95
80:f6:2e:20:56:41 -96 -96 -96 -96 -96 -96 -96 -96 -96
80:f6:2e:20:57:20 -94 -94 -92 -93 -93 -93 -93 -93 -93
80:f6:2e:20:56:40 -95 -95 -95 -95 -95 -95 -96 -96 -96
c6:c6:c6:c6:c6:13 -65 -65 -69 -69 -67 -67
80:f6:2e:20:8e:50 -76
