d8:15:0d:9d:d1:be -53 -49 -49 -51 -51 -51 -55 -53 -52 -52
ec:88:8f:c7:07:e6 -66 -66 -66 -66 -67 -67 -67 -67 -67 -67
c6:c6:c6:c6:c6:06 -57 -57 -57 -53 -59 -57 -57 -54 -54 -55
00:21:6a:bd:77:58 -63 -75 -67 -65 -68 -68 -67 -69 -65 -64
c6:c6:c6:c6:c6:01 -57 -57 -61 -58 -58 -57 -57 -59 -59 -61
74:d0:2b:89:83:88 -72 -72 -75 -73 -73 -73 -73 -70 -70 -71
74:d0:2b:89:83:8c -77 -79 -79 -76 -79 -83 -80 -78 -77 -80
00:90:4c:60:00:2c -53 -49 -47 -47 -47 -51 -64 -54 -57 -49
c8:3a:35:16:2b:e8 -62 -62 -62 -58 -61 -59 -55 -59 -58 -58
d0:c7:c0:71:5b:76 -63 -60 -60 -60 -58 -59 -64 -60 -57 -58
6c:6c:6c:6c:6c:09 -62 -62 -62 -62 -67 -67 -67 -67 -67
28:2c:b2:16:39:fe -75 -75 -75 -75 -75 -75 -75 -75 -84 -81
2e:d0:5a:6e:32:85 -74 -74 -74 -77 -77 -77 -77 -77 -77 -78
c6:c6:c6:c6:c6:11 -58 -58 -58 -55 -54 -54 -56 -54 -53 -57
c6:c6:c6:c6:c6:05 -60 -60 -60 -62 -60 -61 -61 -58 -58 -58
c6:c6:c6:c6:c6:13 -52 -52 -52 -48 -48 -47 -47 -46 -46 -44
d0:c7:c0:71:74:54 -71 -71 -71 -71 -71 -71 -71 -71 -71 -70
00:21:6b:91:fb:2b -84 -84 -84 -84 -84 -84 -84 -84 -84 -83
d0:c7:c0:71:74:92 -74 -74 -74 -78 -78 -78 -78 -78 -75 -75
00:25:86:84:8e:aa -74 -74 -74 -79 -79 -73 -77 -80 -80 -80
c6:c6:c6:c6:c6:20 -76 -76 -76 -76 -76 -76 -76
c6:c6:c6:c6:c6:14 -77 -77 -77 -77 -77 -77 -79 -79 -79 -79
00:90:4c:60:00:1c -87 -87 -87 -87 -87 -87 -82 -82 -84
1c:fa:68:fe:c8:93 -78 -78 -78 -81 -81 -81 -81 -81 -81 -81
84:1b:5e:f2:19:79 -72 -72 -76 -76 -76 -76 -76 -76 -76
9c:21:6a:9a:55:88 -75 -75 -75 -75 -75 -73 -73 -73 -73 -74
84:1b:5e:f2:19:78 -97 -97 -97
80:f6:2e:20:8e:41 -99 -99 -99 -99 -99
80:f6:2e:20:8e:40 -96 -96 -96 -96 -96
80:f6:2e:20:8e:51 -76 -72 -75 -75 -75 -75 -75 -75 -75
80:f6:2e:20:8e:50 -76 -76 -76 -76 -76 -76 -76 -76 -76
