d8:15:0d:9d:d1:be -42 -38 -41 -38 -38 -37 -38 -47 -41 -42
ec:88:8f:c7:07:e6 -58 -58 -58 -57 -57 -57 -57 -55 -55 -55
c6:c6:c6:c6:c6:06 -55 -55 -55 -56 -56 -52 -51 -55 -55 -56
00:21:6a:bd:77:58 -54 -61 -62 -54 -57 -57 -57 -58 -57 -60
c6:c6:c6:c6:c6:01 -61 -61 -61 -60 -64 -63 -61 -61 -57 -68
74:d0:2b:89:83:88 -65 -66 -66 -66 -65 -65 -69 -70 -69 -69
74:d0:2b:89:83:8c -72 -72 -75 -76 -72 -68 -68 -75 -77 -73
00:90:4c:60:00:2c -38 -58 -58 -42 -54 -54 -44 -44 -48 -50
c8:3a:35:16:2b:e8 -57 -65 -60 -60 -64 -63 -63 -60 -56 -57
c6:c6:c6:c6:c6:11 -58 -58 -58 -59 -59 -60 -61 -55 -57 -57
c6:c6:c6:c6:c6:05 -59 -53 -53 -53 -53 -53 -53 -53 -53 -61
2e:d0:5a:6e:32:85 -76 -76 -76 -76 -75 -75 -78 -75 -74 -78
d0:c7:c0:71:74:54 -65 -61 -62 -62 -62 -64 -62 -63 -63 -69
d0:c7:c0:71:74:92 -82 -82 -82 -82 -86 -86 -86 -86 -82 -82
28:2c:b2:16:39:fe -81 -77 -77 -77 -77 -78 -80 -80 -77 -78
d0:c7:c0:71:5b:76 -70 -70 -70 -57 -57 -57 -57
c6:c6:c6:c6:c6:20 -69 -67 -67 -67 -67 -67 -67 -67 -69 -65
c6:c6:c6:c6:c6:13 -65 -65 -65 -65 -65 -65 -63 -63 -63 -63
6c:6c:6c:6c:6c:09 -68 -68 -68 -68 -68 -68 -68
1c:fa:68:fe:c8:93 -78 -78 -78 -79 -79 -79 -80 -77 -77 -77
00:90:4c:60:00:1c -83 -82 -82 -82 -82 -82 -82 -85 -85 -85
00:21:6b:91:fb:2b -83 -81 -81 -81 -81 -81 -81 -81 -81 -84
c6:c6:c6:c6:c6:14 -77 -77 -77 -77 -77 -77 -78
80:f6:2e:20:8e:41 -98 -98 -98 -98 -98 -98 -98 -98 -98 -98
80:f6:2e:20:8e:40 -95 -98 -97 -97 -97 -97 -97 -97 -97 -97
80:f6:2e:20:8e:51 -68 -68 -68 -68 -68
80:f6:2e:20:56:41 -96 -96 -96 -96 -96 -96 -96 -96 -96 -96
80:f6:2e:20:88:c1 -96 -96 -96 -96 -96 -96
80:f6:2e:20:88:c0 -95 -95 -95 -95 -95 -95 -96 -96
84:1b:5e:f2:19:78 -88 -88 -88 -88 -88 -88 -88
80:f6:2e:20:5a:e1 -97 -97 -97 -97 -97 -97 -97
80:f6:2e:20:5a:e0 -97 -97 -97 -97 -97 -97 -97
80:f6:2e:20:55:31 -82 -82 -82 -85 -85 -85 -87 -87 -87 -87
80:f6:2e:20:55:30 -81 -81 -81 -81 -81 -87 -87 -87 -85 -85
80:f6:2e:20:55:21 -98 -98 -98 -98 -98 -98 -98
00:36:76:3b:06:de -78 -78 -78 -78 -74 -74 -74
80:f6:2e:20:57:21 -94 -94 -94 -94
80:f6:2e:20:57:20 -95 -95 -95 -95
80:f6:2e:20:56:40 -96 -96 -96 -96
84:1b:5e:f2:19:79 -63 -63 -63
0c:72:2c:7d:27:68 -91 -91 -91
