d8:15:0d:9d:d1:be -43 -43 -43 -41 -40 -40 -42 -41 -41 -41
ec:88:8f:c7:07:e6 -58 -60 -60 -60 -60 -60 -62 -62 -62 -62
c6:c6:c6:c6:c6:06 -56 -52 -52 -54 -55 -55 -51 -55 -59 -61
00:21:6a:bd:77:58 -60 -65 -63 -60 -68 -72 -65 -64 -64 -68
c6:c6:c6:c6:c6:01 -64 -60 -62 -57 -56 -59 -57 -57 -57 -55
74:d0:2b:89:83:88 -74 -74 -70 -72 -68 -68 -70 -70 -70 -67
74:d0:2b:89:83:8c -80 -76 -78 -79 -78 -80 -76 -76 -75 -75
00:90:4c:60:00:2c -70 -60 -46 -46 -55 -44 -45 -43 -46 -50
c8:3a:35:16:2b:e8 -55 -53 -56 -52 -53 -57 -56 -56 -68 -59
c6:c6:c6:c6:c6:11 -55 -63 -55 -55 -59 -60 -56 -56 -56 -63
c6:c6:c6:c6:c6:05 -57 -57 -57 -58 -61 -62 -62 -62 -62 -57
2e:d0:5a:6e:32:85 -74 -73 -77 -77 -81 -81 -81 -81 -79 -76
d0:c7:c0:71:74:54 -73 -73 -74 -74 -74 -74 -74 -70 -70 -70
d0:c7:c0:71:74:92 -84 -84 -84 -84 -84 -84 -86 -83
28:2c:b2:16:39:fe -81 -81 -84 -84 -77 -75 -75 -83 -83 -85
c6:c6:c6:c6:c6:13 -54 -51 -51 -54 -59 -59 -63 -63 -63 -63
00:21:6b:91:fb:2b -86 -86 -85 -85 -87 -87 -87 -85 -85 -86
80:f6:2e:20:8e:41 -96 -96 -98 -98 -98 -98 -98 -98 -98 -96
80:f6:2e:20:8e:40 -95 -96 -97 -97 -97 -97 -98 -98 -98 -95
6c:6c:6c:6c:6c:09 -62 -62 -60 -60 -60 -70 -60 -59 -56 -57
c6:c6:c6:c6:c6:20 -71 -71 -71 -77 -77 -75 -73 -72 -72 -72
1c:fa:68:fe:c8:93 -76 -76 -76 -77 -77 -77 -77 -77 -77 -73
c6:c6:c6:c6:c6:14 -73 -73 -73 -74 -74 -77 -77 -75 -75 -75
c6:c6:c6:c6:c6:16 -81 -81 -81
84:1b:5e:f2:19:78 -97 -97 -97 -97 -97 -97 -96 -96 -96 -96
d0:c7:c0:71:5b:76 -61 -61 -61 -61 -67 -69 -64 -64 -66 -65
80:f6:2e:20:55:31 -86 -86 -86 -86 -86 -86 -86 -86
00:25:86:84:8e:aa -76 -76 -76 -76 -76 -76 -76
80:f6:2e:20:56:41 -97 -97 -97 -97 -97 -97 -96 -96
80:f6:2e:20:56:40 -95 -95 -95 -95 -95 -95 -96 -96
80:f6:2e:20:57:20 -98 -98 -98 -98 -98 -98 -98
