d8:15:0d:9d:d1:be -36 -38 -35 -36 -38 -35 -36 -38 -36 -34
ec:88:8f:c7:07:e6 -56 -56 -64 -64 -64 -64 -59 -59 -59 -59
c6:c6:c6:c6:c6:06 -54 -43 -43 -41 -41 -41 -37 -39 -41 -40
00:21:6a:bd:77:58 -68 -60 -56 -59 -52 -52 -57 -62 -64 -56
c6:c6:c6:c6:c6:01 -64 -63 -61 -64 -61 -54 -61 -59 -59 -57
74:d0:2b:89:83:88 -69 -67 -67 -67 -67 -68 -67 -65 -65 -68
74:d0:2b:89:83:8c -72 -72 -79 -74 -74 -70 -68 -71 -69 -69
00:90:4c:60:00:2c -74 -67 -47 -59 -49 -56 -48 -56 -49 -61
c8:3a:35:16:2b:e8 -62 -51 -51 -53 -51 -51 -51 -50 -51 -54
c6:c6:c6:c6:c6:11 -55 -51 -53 -51 -51 -51 -52 -56 -53 -53
2e:d0:5a:6e:32:85 -72 -75 -75 -75 -75 -75 -75 -74 -74 -74
d0:c7:c0:71:74:54 -69 -69 -69 -69 -68 -68 -72 -72 -74 -70
28:2c:b2:16:39:fe -81 -81 -82 -83 -79 -79 -79 -82 -81 -81
c6:c6:c6:c6:c6:13 -59 -62 -62 -62 -62 -62 -62 -65 -65 -65
6c:6c:6c:6c:6c:09 -67 -67 -67 -67 -63 -63 -63 -63 -68 -68
d0:c7:c0:71:74:92 -83 -81 -84 -86 -86 -86 -85 -87 -87 -83
00:21:6b:91:fb:2b -81 -85 -82 -82 -82 -82 -82 -82 -82 -87
c6:c6:c6:c6:c6:14 -73 -73 -73 -71 -74 -74 -74
c6:c6:c6:c6:c6:05 -59 -59 -59 -61 -61 -61 -57 -57 -56 -60
1c:fa:68:fe:c8:93 -74 -72 -72 -72 -72 -72 -71 -71 -75 -75
d0:c7:c0:71:5b:76 -59 -62 -62 -59 -59 -62 -61 -61 -65 -65
00:25:86:84:8e:aa -76 -76 -76 -76 -76 -78 -76 -76 -76 -76
c6:c6:c6:c6:c6:16 -82
80:f6:2e:20:55:30 -83 -87 -87 -84 -84 -84 -84 -84 -84 -84
c6:c6:c6:c6:c6:20 -68 -68 -68 -68 -68 -66 -72 -72 -72 -73
84:1b:5e:f2:19:79 -69 -69 -69 -69 -78 -78 -78 -78 -78
80:f6:2e:20:8e:40 -97 -97 -97 -97 -97 -97 -97 -96 -96 -95
00:36:76:3b:06:de -77 -77 -77 -77 -77 -77 -77 -77
00:90:4c:60:00:1c -83 -83 -83 -83 -83 -83 -83
80:f6:2e:20:55:31 -87 -87 -84 -80 -82 -82 -82 -82 -82 -82
80:f6:2e:20:8e:41 -98 -98 -97 -97 -97 -97 -97 -96 -96 -95
84:1b:5e:f2:19:78 -92 -92 -92 -92 -92 -92 -92 -94 -94
80:f6:2e:20:57:21 -98 -98 -98
