d8:15:0d:9d:d1:be -40 -50 -38 -38 -35 -53 -41 -39 -39 -54
ec:88:8f:c7:07:e6 -41 -41 -47 -47 -47 -47 -48 -48 -48 -48
c6:c6:c6:c6:c6:06 -55 -55 -58 -50 -51 -49 -49 -50 -50 -49
00:21:6a:bd:77:58 -57 -51 -47 -45 -55 -52 -54 -48 -51 -51
c6:c6:c6:c6:c6:01 -63 -65 -56 -56 -56 -52 -54 -55 -54 -53
74:d0:2b:89:83:88 -73 -73 -73 -73 -74 -72 -72 -74 -72 -74
74:d0:2b:89:83:8c -80 -77 -77 -81 -80 -81 -80 -80 -80 -80
00:90:4c:60:00:2c -58 -50 -54 -46 -48 -56 -57 -66 -47 -47
c8:3a:35:16:2b:e8 -55 -59 -54 -52 -56 -53 -52 -52 -54 -54
c6:c6:c6:c6:c6:11 -54 -56 -52 -52 -52 -52 -54 -54 -54 -54
2e:d0:5a:6e:32:85 -72 -76 -76 -73 -73 -73 -73 -75 -74 -74
d0:c7:c0:71:74:54 -63 -64 -64 -64 -63 -63 -63 -64 -63 -63
c6:c6:c6:c6:c6:05 -59 -60 -60 -60 -60 -71 -71 -69 -69 -65
d0:c7:c0:71:5b:76 -64 -64 -61 -61 -61 -62 -62 -62 -62 -62
28:2c:b2:16:39:fe -80 -78 -78 -81 -81 -81 -85 -85 -85 -81
6c:6c:6c:6c:6c:09 -68 -61 -61 -62 -62 -62 -62 -62 -62 -60
d0:c7:c0:71:74:92 -79 -78 -78 -77 -78 -78 -77 -76 -76 -76
c6:c6:c6:c6:c6:20 -68 -72 -72 -72 -72 -72 -72 -72
c6:c6:c6:c6:c6:13 -59 -59 -59 -59 -62 -62 -64
84:1b:5e:f2:19:79 -68 -62 -62 -57
00:21:6b:91:fb:2b -86 -87 -87 -87 -87 -87 -87 -87
c6:c6:c6:c6:c6:14 -72 -72 -72
84:1b:5e:f2:19:78 -94 -94 -94 -94 -91 -90 -89 -88 -88 -88
00:25:86:84:8e:aa -82 -82 -82 -82 -76 -76 -75 -76 -79 -77
80:f6:2e:20:55:31 -88 -86 -78 -79 -79 -82 -82 -82 -82 -82
00:90:4c:60:00:1c -85 -85 -85 -84 -84 -84 -84 -84 -84
1c:fa:68:fe:c8:93 -79 -79 -79 -79 -77 -77 -81 -79 -79 -79
80:f6:2e:20:57:21 -93 -93 -93 -93 -93 -93 -93
80:f6:2e:20:57:20 -93 -93 -93 -93 -93 -93 -93
9c:21:6a:9a:55:88 -83 -83 -83 -83 -83
80:f6:2e:20:8e:41 -95 -96 -96 -96 -96 -96 -96 -96
80:f6:2e:20:56:41 -96 -96 -96 -96 -96 -98 -98 -98 -98 -98
80:f6:2e:20:56:40 -96 -96 -96 -96 -96 -96 -96 -96 -96 -96
80:f6:2e:20:8e:40 -95 -96 -96 -96 -96 -96 -96 -96
00:1d:0f:77:c2:1c -80 -80 -80 -80 -80 -80 -80
80:f6:2e:20:9a:51 -81 -81 -81 -81 -81 -81 -81
80:f6:2e:20:8e:51 -70 -70 -69 -69 -69 -69 -69 -69 -69
80:f6:2e:20:8e:50 -71 -71 -69 -69 -69 -69 -69 -69 -69 -69
a4:99:47:e7:72:c4 -85 -85 -85 -85 -85 -85 -85
80:f6:2e:20:55:30 -84 -84 -83 -83 -83 -83 -83 -83 -80
00:36:76:3b:06:de -76 -76 -76 -76 -76 -76
80:f6:2e:20:55:21 -96 -96 -96 -96
80:f6:2e:20:55:20 -96 -96 -96 -96
