d8:15:0d:9d:d1:be -42 -54 -46 -44 -42 -38 -38 -38 -39 -39
ec:88:8f:c7:07:e6 -46 -46 -46 -46 -43 -43 -43 -43 -37 -37
c6:c6:c6:c6:c6:06 -57 -55 -55 -51 -51 -52 -58 -58 -55 -54
00:21:6a:bd:77:58 -53 -51 -58 -58 -53 -53 -57 -60 -56 -56
c6:c6:c6:c6:c6:01 -62 -69 -63 -60 -60 -60 -64 -63 -67 -66
74:d0:2b:89:83:88 -63 -63 -65 -66 -66 -73 -66 -66 -66 -66
74:d0:2b:89:83:8c -70 -70 -70 -69 -71 -71 -71 -68 -71 -68
00:90:4c:60:00:2c -48 -56 -49 -45 -43 -51 -43 -43 -46 -47
c8:3a:35:16:2b:e8 -56 -53 -53 -52 -52 -54 -53 -53 -53 -53
c6:c6:c6:c6:c6:11 -56 -56 -56 -56 -56 -55 -56 -56 -59 -59
2e:d0:5a:6e:32:85 -76 -78 -78 -78 -78 -80 -78 -75 -75 -75
d0:c7:c0:71:74:54 -73 -69 -69 -72 -72 -68 -71 -71 -68 -67
c6:c6:c6:c6:c6:05 -56 -56 -54 -54 -54 -56 -53 -53 -55 -51
d0:c7:c0:71:5b:76 -60 -60 -60 -59 -59 -59 -59 -59 -59 -62
00:21:6b:91:fb:2b -79 -79 -79 -79 -79 -79 -85
84:1b:5e:f2:19:78 -94 -92 -92 -92 -89 -89 -89 -89 -89 -89
80:f6:2e:20:55:31 -87 -87 -87 -85 -86 -82 -81 -81 -81 -81
00:90:4c:60:00:1c -83 -83 -83
28:2c:b2:16:39:fe -78 -80 -80 -80 -80 -80 -85 -81 -81 -81
6c:6c:6c:6c:6c:09 -70 -60 -60 -60 -62 -66 -65 -65 -64 -64
d0:c7:c0:71:74:92 -83 -83 -83 -84 -84 -84 -81 -81 -84 -84
80:f6:2e:20:55:30 -86 -86 -86 -86 -86 -83 -81 -81 -83 -83
c6:c6:c6:c6:c6:20 -79 -79 -79 -71 -71 -71 -71 -69 -69 -69
c6:c6:c6:c6:c6:14 -71 -71 -71 -71 -71 -71
84:1b:5e:f2:19:79 -61 -69 -69 -69 -69 -69 -69 -69 -61
c6:c6:c6:c6:c6:13 -65 -65 -65 -61 -61 -61 -62 -62 -62 -62
00:25:86:84:8e:aa -75 -75 -75 -75 -75 -77 -77 -77 -77 -77
80:f6:2e:20:8e:51 -72 -72 -72
80:f6:2e:20:55:20 -97 -97
80:f6:2e:20:55:21 -98 -98
80:f6:2e:20:9a:50 -84 -84
80:f6:2e:20:8e:41 -98 -98 -98 -98 -98 -98 -98
9c:21:6a:9a:55:88 -74 -74 -74 -74 -74 -74 -74 -74
1c:fa:68:fe:c8:93 -79 -79 -79 -79 -79 -79 -74 -74 -74
00:36:76:3b:06:de -78 -78 -78 -78 -78
00:1d:0f:77:c2:1c -79 -79 -79
0c:72:2c:7d:27:68 -89 -89 -89
80:f6:2e:20:8e:50 -71
