d8:15:0d:9d:d1:be -50 -46 -45 -45 -45 -45 -55 -51 -48 -47
ec:88:8f:c7:07:e6 -59 -59 -58 -58 -58 -58 -58 -58 -58 -58
c6:c6:c6:c6:c6:06 -52 -50 -50 -50 -50 -50 -50 -50 -50 -50
00:21:6a:bd:77:58 -69 -62 -63 -59 -60 -60 -59 -58 -59 -60
c6:c6:c6:c6:c6:01 -54 -61 -62 -61 -61 -62 -64 -56 -56 -60
74:d0:2b:89:83:88 -71 -68 -69 -72 -72 -71 -71 -71 -73 -74
74:d0:2b:89:83:8c -79 -79 -80 -79 -79 -78 -78 -78 -78 -80
00:90:4c:60:00:2c -53 -53 -56 -57 -65 -57 -51 -51 -54 -67
c8:3a:35:16:2b:e8 -59 -55 -56 -56 -60 -59 -59 -59 -58 -57
c6:c6:c6:c6:c6:11 -56 -54 -54 -54 -54 -53 -56 -56 -56 -56
c6:c6:c6:c6:c6:05 -56 -56 -56 -56 -56 -56 -56 -56 -58 -58
6c:6c:6c:6c:6c:09 -64 -64 -64 -64 -64 -64 -62 -62 -64 -61
2e:d0:5a:6e:32:85 -71 -74 -76 -76 -78 -81 -79 -77 -76 -75
d0:c7:c0:71:74:54 -72 -72 -72 -72 -72 -71 -71 -72 -72 -72
28:2c:b2:16:39:fe -75 -80 -80 -80 -83 -85 -83 -82 -80 -80
d0:c7:c0:71:74:92 -79 -79 -78 -80 -80 -81 -80 -80 -78 -79
c6:c6:c6:c6:c6:14 -79 -78 -78 -78 -78 -78 -73 -73 -73 -73
00:21:6b:91:fb:2b -84 -86 -86 -86 -87 -87 -87 -87 -87 -87
00:25:86:84:8e:aa -73 -81 -78 -74 -74 -74 -77 -77 -77 -77
d0:c7:c0:71:5b:76 -63 -63 -67 -69 -69 -70 -70 -67 -69 -69
00:90:4c:60:00:1c -82 -82 -82 -82 -82
80:f6:2e:20:8e:51 -68 -68 -68 -75 -75 -75 -75 -75
80:f6:2e:20:8e:50 -69 -73 -73 -73 -73 -73 -73 -73 -73
c6:c6:c6:c6:c6:20 -74 -74 -72 -72 -72 -72 -70 -70 -70 -70
c6:c6:c6:c6:c6:13 -53 -61 -61 -61 -61 -65 -63 -63 -63 -63
84:1b:5e:f2:19:79 -62 -71 -71 -71 -71 -71 -71 -71 -72 -72
1c:fa:68:fe:c8:93 -83 -83 -83 -83 -83 -83 -79 -79 -78 -78
84:1b:5e:f2:19:78 -96 -92 -92 -92 -92 -91 -91 -89 -89 -89
9c:21:6a:9a:55:88 -73 -73 -73 -73
2a:5d:60:01:e3:cf -80 -80 -80 -80
c6:c6:c6:c6:c6:16 -76 -76 -76 -76 -76 -76 -76
00:36:76:3b:06:de -85 -85
