d8:15:0d:9d:d1:be -47 -47 -42 -41 -41 -54 -43 -41 -45 -44
ec:88:8f:c7:07:e6 -64 -64 -64 -63 -63 -63 -63 -57 -57 -57
c6:c6:c6:c6:c6:06 -58 -54 -50 -49 -54 -52 -50 -56 -52 -56
00:21:6a:bd:77:58 -59 -58 -58 -58 -60 -56 -55 -56 -56 -57
c6:c6:c6:c6:c6:01 -55 -57 -60 -57 -60 -60 -64 -60 -57 -56
74:d0:2b:89:83:88 -70 -67 -65 -65 -65 -69 -71 -71 -69 -69
74:d0:2b:89:83:8c -68 -72 -68 -68 -71 -72 -69 -76 -75 -77
00:90:4c:60:00:2c -46 -43 -41 -48 -60 -48 -45 -44 -50 -50
c8:3a:35:16:2b:e8 -56 -56 -59 -59 -61 -58 -58 -58 -58 -58
c6:c6:c6:c6:c6:11 -56 -56 -57 -57 -54 -54 -54 -54 -62 -58
c6:c6:c6:c6:c6:05 -67 -67 -67 -67 -64 -64 -64 -64 -64
2e:d0:5a:6e:32:85 -68 -70 -69 -69 -69 -69 -69 -69 -71 -71
d0:c7:c0:71:74:54 -67 -71 -68 -67 -67 -68 -68 -68 -67 -66
28:2c:b2:16:39:fe -77 -79 -78 -79 -78 -78 -77 -77 -77 -77
c6:c6:c6:c6:c6:13 -60 -60 -58 -58 -54 -54 -62 -59 -59 -59
6c:6c:6c:6c:6c:09 -60 -60 -63 -63 -63 -59 -63 -60 -60 -60
c6:c6:c6:c6:c6:20 -74 -77 -77 -77 -77 -77 -77 -77
d0:c7:c0:71:74:92 -87 -83 -84 -84 -84 -87 -85 -86 -86 -83
00:21:6b:91:fb:2b -85 -81 -82 -82 -82 -82 -82 -81 -81 -83
d0:c7:c0:71:5b:76 -64 -64 -64 -66 -66 -66 -66 -66 -66 -66
c6:c6:c6:c6:c6:14 -78 -78 -78 -78 -78 -70 -70 -70 -70 -70
84:1b:5e:f2:19:79 -66 -66 -66 -67 -67 -67 -65 -66 -66 -70
80:f6:2e:20:55:30 -84 -90 -90 -90 -90 -90 -90 -90
00:25:86:84:8e:aa -79 -75 -75 -75 -75 -75 -75 -75 -75 -75
80:f6:2e:20:57:21 -99 -99 -99 -99 -99 -99 -99 -99 -99 -99
84:1b:5e:f2:19:78 -95 -95 -95 -95 -96
c6:c6:c6:c6:c6:16 -76 -76 -76 -76
1c:fa:68:fe:c8:93 -78 -78 -78 -78
80:f6:2e:20:57:20 -96 -96 -96 -96
00:36:76:3b:06:de -83 -83 -83
