d8:15:0d:9d:d1:be -47 -47 -47 -45 -44 -43 -43 -44 -43 -42
ec:88:8f:c7:07:e6 -61 -61 -58 -58 -58 -58 -50 -50 -50 -50
c6:c6:c6:c6:c6:06 -55 -51 -51 -61 -63 -59 -57 -57 -54 -54
00:21:6a:bd:77:58 -56 -56 -57 -57 -56 -52 -52 -49 -59 -53
c6:c6:c6:c6:c6:01 -56 -56 -56 -57 -56 -57 -57 -59 -58 -56
74:d0:2b:89:83:88 -69 -69 -73 -70 -71 -71 -70 -70 -70 -72
74:d0:2b:89:83:8c -71 -72 -74 -76 -77 -78 -74 -76 -77 -77
00:90:4c:60:00:2c -55 -40 -37 -44 -38 -44 -38 -45 -38 -40
c8:3a:35:16:2b:e8 -61 -59 -56 -55 -58 -53 -51 -51 -59 -59
c6:c6:c6:c6:c6:11 -51 -52 -52 -53 -56 -57 -57 -57 -57 -57
2e:d0:5a:6e:32:85 -80 -76 -76 -76 -76 -80 -84 -83 -86 -86
d0:c7:c0:71:74:54 -66 -66 -67 -67 -67 -68 -73 -71 -71 -71
28:2c:b2:16:39:fe -86 -80 -78 -78 -80 -81 -83 -82 -83 -83
c6:c6:c6:c6:c6:13 -61 -61 -62 -59 -64 -64 -67 -67 -67 -67
d0:c7:c0:71:74:92 -83 -80 -80 -79 -80 -81 -81 -81 -81 -80
00:21:6b:91:fb:2b -84 -88 -87 -87 -87 -86 -86 -85 -86 -86
c6:c6:c6:c6:c6:05 -53 -53 -53 -59 -67 -64 -64 -64 -64 -64
1c:fa:68:fe:c8:93 -80 -77 -77 -77 -77 -77 -77 -77
d0:c7:c0:71:5b:76 -68 -68 -63 -63 -61 -61 -59 -59 -58 -58
00:25:86:84:8e:aa -83 -83 -83 -83 -83 -82 -82 -82 -82 -78
80:f6:2e:20:55:30 -83 -85 -81 -81 -79 -79 -79 -82 -84 -82
c6:c6:c6:c6:c6:20 -71 -71 -64 -64 -64 -64 -64 -64
80:f6:2e:20:8e:40 -96 -96 -96 -96 -96 -96
80:f6:2e:20:55:31 -82 -85 -85 -85 -85 -85 -85 -82 -82 -83
80:f6:2e:20:8e:41 -98 -98 -98 -98 -98 -98
84:1b:5e:f2:19:78 -92 -92 -92 -92 -92 -92 -96 -96 -96
84:1b:5e:f2:19:79 -66 -66 -66 -66 -66 -66 -61 -61 -61 -61
80:f6:2e:20:57:21 -94 -94 -96 -96 -96 -96 -93 -93 -93 -93
80:f6:2e:20:57:20 -94 -94 -93 -93 -93 -93 -92 -92 -92 -92
80:f6:2e:20:55:21 -98 -98 -98 -98 -98 -98
00:90:4c:60:00:1c -81 -81 -81 -81 -81 -81
6c:6c:6c:6c:6c:09 -64 -58 -58 -65 -65 -61 -61 -65
