d8:15:0d:9d:d1:be -49 -49 -54 -52 -51 -47 -53 -57 -55 -51
ec:88:8f:c7:07:e6 -65 -65 -65 -65 -66 -66 -66 -66 -66 -60
c6:c6:c6:c6:c6:06 -58 -58 -60 -57 -55 -58 -62 -58 -57 -51
00:21:6a:bd:77:58 -67 -73 -71 -73 -69 -68 -71 -68 -68 -59
c6:c6:c6:c6:c6:01 -60 -64 -60 -63 -63 -59 -62 -60 -60 -58
74:d0:2b:89:83:88 -66 -66 -65 -65 -66 -63 -65 -68 -68 -69
74:d0:2b:89:83:8c -78 -77 -81 -79 -83 -81 -81 -82 -78 -81
00:90:4c:60:00:2c -56 -44 -59 -62 -61 -52 -47 -55 -55 -46
c8:3a:35:16:2b:e8 -63 -67 -63 -63 -61 -63 -62 -66 -66 -66
d0:c7:c0:71:5b:76 -59 -60 -60 -58 -58 -57 -57 -66 -61 -57
28:2c:b2:16:39:fe -80 -76 -75 -80 -77 -77 -76 -76 -76 -75
2e:d0:5a:6e:32:85 -75 -75 -73 -70 -71 -74 -74 -74 -72 -73
c6:c6:c6:c6:c6:11 -55 -55 -55 -60 -60 -55 -59 -59 -59 -59
c6:c6:c6:c6:c6:05 -60 -68 -68 -65 -64 -64 -64 -68 -68 -68
c6:c6:c6:c6:c6:13 -54 -58 -58 -58 -58 -58 -58 -58 -50 -50
d0:c7:c0:71:74:54 -73 -73 -74 -72 -68 -70 -72 -72 -65 -70
00:21:6b:91:fb:2b -83 -81 -81 -81 -77 -77 -80 -80 -83 -80
d0:c7:c0:71:74:92 -79 -78 -81 -80 -80 -80 -78 -78 -76 -77
00:25:86:84:8e:aa -77 -78 -78 -78 -78 -74 -77 -78 -78 -77
1c:fa:68:fe:c8:93 -73 -73 -73 -84 -84 -84 -84 -84 -84 -80
9c:21:6a:9a:55:88 -73 -73 -73 -74 -78 -78 -74 -75 -75 -75
80:f6:2e:20:8e:51 -80 -80 -80 -84 -84 -84 -84 -84 -84
00:90:4c:60:00:1c -84 -84 -84 -83 -83 -83 -84 -87 -87 -87
6c:6c:6c:6c:6c:09 -53 -53 -57 -55 -55 -55 -55 -56 -56 -55
c6:c6:c6:c6:c6:14 -85 -84 -84 -77 -77 -83 -83 -83 -83 -83
c6:c6:c6:c6:c6:20 -71 -69 -73 -73 -73 -73 -73 -73 -73 -71
b0:48:7a:3b:a5:3e -93 -93 -93 -93 -93 -93 -93
c6:c6:c6:c6:c6:16 -80 -80 -80 -80 -80 -80 -80 -80
84:1b:5e:f2:19:79 -77 -77 -77 -77 -77 -77 -77
80:f6:2e:20:55:31 -91 -91 -91 -91 -91 -91 -91
80:f6:2e:20:55:30 -92 -92 -92 -92 -92 -92 -92
9c:21:6a:f4:cf:79 -91 -91 -91 -91 -91
00:36:76:3b:06:de -84 -84 -84
84:1b:5e:f2:19:78 -99 -99
