d8:15:0d:9d:d1:be -41 -41 -41 -40 -38 -39 -54 -44 -55 -46
ec:88:8f:c7:07:e6 -52 -52 -52 -58 -58 -58 -58 -58 -56 -56
c6:c6:c6:c6:c6:06 -55 -49 -45 -46 -43 -47 -43 -53 -45 -45
00:21:6a:bd:77:58 -55 -55 -58 -66 -55 -54 -57 -55 -65 -56
c6:c6:c6:c6:c6:01 -65 -64 -63 -63 -64 -64 -64 -61 -61 -66
74:d0:2b:89:83:88 -69 -71 -71 -74 -74 -69 -72 -76 -75 -75
74:d0:2b:89:83:8c -70 -75 -75 -77 -77 -81 -78 -73 -75 -75
00:90:4c:60:00:2c -47 -65 -51 -59 -51 -51 -51 -49 -49 -51
c8:3a:35:16:2b:e8 -55 -57 -61 -55 -53 -63 -58 -56 -56 -58
c6:c6:c6:c6:c6:11 -56 -56 -56 -56 -56 -60 -58 -61 -61 -61
2e:d0:5a:6e:32:85 -81 -79 -77 -77 -77 -79 -79 -76 -77 -77
d0:c7:c0:71:74:54 -73 -69 -67 -67 -67 -68 -68 -68 -69 -69
28:2c:b2:16:39:fe -80 -80 -84 -82 -87 -82 -82 -82 -82 -86
c6:c6:c6:c6:c6:13 -62 -67 -67 -67 -67 -67 -65 -65 -64 -62
6c:6c:6c:6c:6c:09 -63 -63 -63 -63 -63 -62 -62 -62 -62 -62
d0:c7:c0:71:74:92 -83 -79 -82 -82 -81 -82 -82 -82 -81 -80
00:21:6b:91:fb:2b -83 -84 -85 -85 -85 -83 -83 -83 -84 -86
d0:c7:c0:71:5b:76 -57 -57 -57 -57 -57 -57 -64 -64
84:1b:5e:f2:19:79 -68 -68 -68 -68 -68 -68 -68 -75 -75 -75
00:25:86:84:8e:aa -73
c6:c6:c6:c6:c6:05 -61 -61 -61 -61 -57 -58 -57
84:1b:5e:f2:19:78 -90 -90 -90 -90
c6:c6:c6:c6:c6:20 -75 -72 -70 -70 -70 -70 -68 -66 -62 -62
c6:c6:c6:c6:c6:14 -73 -71 -71 -71 -71 -72 -72 -72 -72 -70
80:f6:2e:20:55:31 -88 -88 -88 -88 -88 -88
00:36:76:3b:06:de -79 -79 -79
1c:fa:68:fe:c8:93 -81 -80 -80
00:90:4c:60:00:1c -86 -86
80:f6:2e:20:57:20 -96
