d8:15:0d:9d:d1:be -56 -57 -51 -47 -47 -47 -47 -49 -52 -52
ec:88:8f:c7:07:e6 -53 -53 -53 -53 -53 -47 -47 -47 -47 -51
c6:c6:c6:c6:c6:06 -62 -55 -55 -55 -54 -58 -71 -59 -55 -59
00:21:6a:bd:77:58 -46 -55 -46 -53 -45 -45 -57 -47 -45 -46
c6:c6:c6:c6:c6:01 -62 -63 -56 -68 -60 -56 -58 -56 -60 -62
74:d0:2b:89:83:88 -71 -72 -72 -70 -70 -71 -71 -72 -74 -71
74:d0:2b:89:83:8c -78 -71 -78 -80 -78 -78 -78 -74 -76 -77
00:90:4c:60:00:2c -61 -62 -65 -47 -47 -44 -48 -72 -52 -72
c8:3a:35:16:2b:e8 -57 -53 -53 -49 -49 -62 -50 -56 -50 -52
c6:c6:c6:c6:c6:11 -57 -55 -56 -52 -56 -54 -54 -58 -54 -52
2e:d0:5a:6e:32:85 -80 -78 -79 -78 -78 -79 -79 -80 -78 -79
d0:c7:c0:71:74:54 -74 -66 -66 -66 -66 -66 -66 -66 -66 -66
d0:c7:c0:71:5b:76 -68 -68 -68 -68 -68 -65 -65 -65 -65 -65
d0:c7:c0:71:74:92 -84 -84 -87 -87 -87 -87 -87 -87 -87
00:25:86:84:8e:aa -80 -80 -80 -80 -80 -80 -82 -82
c6:c6:c6:c6:c6:05 -54 -51 -51 -51 -51 -51 -51 -55
84:1b:5e:f2:19:78 -87 -87 -94 -93 -93 -91 -91 -91 -91 -91
c6:c6:c6:c6:c6:13 -67 -67 -67 -67 -67 -67 -69 -69 -69
84:1b:5e:f2:19:79 -62 -62 -62 -60 -60 -60 -58 -58 -58 -58
c6:c6:c6:c6:c6:20 -71 -67 -67 -68 -68 -68 -68 -68 -68 -68
28:2c:b2:16:39:fe -82 -82 -82 -82 -82 -82
80:f6:2e:20:8e:51 -69 -69 -70 -70 -70 -70 -70 -70 -70 -70
1c:fa:68:fe:c8:93 -75 -75 -75 -83 -80 -80 -80 -80 -80 -80
00:90:4c:60:00:1c -81 -81 -81 -81 -81 -81
80:f6:2e:20:8e:50 -69 -69 -65 -65 -65 -65 -65 -65 -65
ec:17:2f:f8:b7:bc -84 -84 -84 -84 -84 -84 -84
80:f6:2e:20:55:31 -86 -86 -86 -86 -86 -86 -86 -86
80:f6:2e:20:57:21 -93 -91 -91 -91 -92 -92 -92 -92 -91 -91
80:f6:2e:20:9a:50 -82
80:f6:2e:20:55:30 -85 -85 -90 -90 -90 -90 -90 -90 -90
80:f6:2e:20:57:20 -92 -92 -92 -92 -92 -92 -92 -91 -91 -91
00:36:76:3b:06:de -79 -79 -79 -79 -70 -70 -70 -70 -70 -70
80:f6:2e:20:56:41 -96 -96 -96 -96 -96 -94 -94 -95 -94 -96
80:f6:2e:20:56:40 -95 -96 -94 -94 -94 -94 -94 -94 -95 -95
c6:c6:c6:c6:c6:14 -73 -73 -73 -73 -73
80:f6:2e:20:8e:41 -94 -94 -97 -97 -97 -97 -97 -97 -97 -97
80:f6:2e:20:8e:40 -94 -94 -94 -98 -98 -97 -97 -97 -97 -97
80:f6:2e:20:5a:f1 -88 -88 -88 -88 -88 -88
6c:6c:6c:6c:6c:09 -69 -69 -71 -71 -73 -73 -73 -73 -73
14:cf:92:fc:e3:c6 -90 -90 -90 -90
