d8:15:0d:9d:d1:be -40 -44 -43 -43 -43 -43 -40 -40 -40 -46
ec:88:8f:c7:07:e6 -58 -58 -59 -59 -59 -59 -59 -59 -59 -59
c6:c6:c6:c6:c6:06 -52 -53 -53 -59 -58 -60 -55 -55 -51 -51
00:21:6a:bd:77:58 -64 -60 -57 -57 -61 -61 -61 -61 -64 -62
c6:c6:c6:c6:c6:01 -60 -59 -51 -56 -58 -50 -51 -54 -65 -58
74:d0:2b:89:83:88 -67 -65 -65 -69 -69 -71 -69 -65 -65 -67
74:d0:2b:89:83:8c -71 -77 -73 -69 -69 -69 -69 -72 -70 -71
00:90:4c:60:00:2c -73 -61 -61 -58 -52 -52 -55 -55 -54 -51
c8:3a:35:16:2b:e8 -60 -60 -60 -60 -65 -63 -59 -55 -55 -56
c6:c6:c6:c6:c6:11 -58 -50 -52 -54 -54 -51 -50 -54 -52 -52
2e:d0:5a:6e:32:85 -65 -70 -71 -74 -75 -77 -78 -78 -76 -75
d0:c7:c0:71:74:54 -71 -69 -69 -73 -75 -71 -71 -74 -70 -71
84:1b:5e:f2:19:78 -87 -87 -87 -87 -95 -90 -89 -88 -88 -88
6c:6c:6c:6c:6c:09 -66 -60 -60 -57 -57 -58 -56 -55 -55 -64
c6:c6:c6:c6:c6:05 -64 -64 -64 -64 -64 -64 -64 -64 -64 -64
c6:c6:c6:c6:c6:13 -56 -56 -56 -56 -54 -54 -54 -54 -54 -54
28:2c:b2:16:39:fe -78 -83 -83 -80 -80 -80 -81 -84 -84 -84
00:25:86:84:8e:aa -69 -78 -78 -78 -75 -75 -72 -77 -77 -81
1c:fa:68:fe:c8:93 -78 -78 -80 -80 -80 -80 -80 -80 -80 -80
80:f6:2e:20:8e:41 -99 -99 -99 -99 -99 -99 -99
80:f6:2e:20:8e:40 -95
d0:c7:c0:71:5b:76 -62 -66 -65 -65 -65 -65 -63 -63 -63 -66
d0:c7:c0:71:74:92 -90 -90 -90 -86 -85 -85 -84 -88 -86 -88
80:f6:2e:20:8e:50 -77 -74 -70 -70 -66 -66 -69 -69 -69 -69
80:f6:2e:20:8e:51 -75 -70 -69 -69 -69 -69 -71 -71
00:21:6b:91:fb:2b -87 -85 -86 -86 -84 -86 -86 -86 -86 -86
c6:c6:c6:c6:c6:14 -71 -71 -71 -71 -71 -71 -71 -70
00:90:4c:60:00:1c -80 -80 -80 -80 -80 -80
84:1b:5e:f2:19:79 -65 -65 -65 -65 -69 -69
80:f6:2e:20:57:21 -96 -96 -96 -96 -96 -95 -95 -95 -95 -95
80:f6:2e:20:56:41 -99 -99 -99 -99 -99
80:f6:2e:20:57:20 -96 -96 -96 -96 -96 -93 -93 -93 -93 -93
c6:c6:c6:c6:c6:20 -70 -72 -72 -72 -72 -72 -72 -72
00:36:76:3b:06:de -85 -85 -85 -85 -85 -85 -85
80:f6:2e:20:9a:50 -90 -90 -90 -90 -90 -90 -90
80:f6:2e:20:55:31 -90 -88 -88 -88 -88
80:f6:2e:20:55:30 -91 -91 -91 -90 -91
