d8:15:0d:9d:d1:be -50 -47 -51 -51 -51 -50 -50 -51 -51 -51
ec:88:8f:c7:07:e6 -69 -69 -69 -72 -72 -72 -72 -61 -61 -61
c6:c6:c6:c6:c6:06 -59 -57 -58 -60 -64 -67 -64 -64 -62 -61
00:21:6a:bd:77:58 -64 -65 -65 -66 -64 -68 -59 -62 -66 -63
c6:c6:c6:c6:c6:01 -60 -62 -59 -55 -61 -55 -59 -54 -49 -49
74:d0:2b:89:83:88 -61 -61 -62 -63 -68 -69 -69 -69 -68 -68
74:d0:2b:89:83:8c -69 -68 -67 -71 -72 -76 -73 -75 -73 -76
00:90:4c:60:00:2c -51 -51 -55 -70 -70 -62 -60 -64 -62 -74
c8:3a:35:16:2b:e8 -57 -57 -57 -57 -54 -53 -53 -53 -53 -64
d0:c7:c0:71:5b:76 -65 -61 -61 -63 -67 -66 -66 -66 -63 -64
28:2c:b2:16:39:fe -77 -77 -74 -75 -76 -78 -75 -79 -79 -79
2e:d0:5a:6e:32:85 -72 -70 -70 -69 -70 -70 -70 -69 -69 -68
c6:c6:c6:c6:c6:11 -53 -54 -55 -54 -52 -56 -53 -53 -53 -53
c6:c6:c6:c6:c6:05 -63 -63 -64 -64 -60 -59 -59 -61 -61 -61
c6:c6:c6:c6:c6:13 -51 -51 -50 -50 -53 -53 -53 -53 -53 -53
d0:c7:c0:71:74:54 -74 -70 -71 -72 -79 -79 -75 -73 -72 -73
00:21:6b:91:fb:2b -83 -83 -85 -86 -84 -84 -83 -83 -83 -84
d0:c7:c0:71:74:92 -83 -83 -85 -87 -87 -87 -91 -88 -88 -88
00:25:86:84:8e:aa -81 -81 -81 -81 -80 -80 -80 -80 -84 -82
00:90:4c:60:00:1c -84 -84 -84 -84
6c:6c:6c:6c:6c:09 -57 -57 -60 -60 -61 -61 -60 -60 -59 -59
c6:c6:c6:c6:c6:14 -72 -72 -72 -72 -67 -67 -67 -67 -68
c6:c6:c6:c6:c6:20 -76 -76 -74 -74 -74 -74 -74 -74 -76 -76
80:f6:2e:20:8e:50 -78 -78 -78 -78
80:f6:2e:20:8e:51 -79 -79 -79 -79
1c:fa:68:fe:c8:93 -74 -74 -81 -81 -81 -81 -76 -76 -76 -76
0c:72:2c:7d:27:68 -93 -93 -93 -93 -93 -93
c6:c6:c6:c6:c6:16 -79 -79 -79 -79 -79 -79 -79 -79
84:1b:5e:f2:19:79 -81 -81 -81 -81 -81 -81 -73 -73 -73 -73
84:1b:5e:f2:19:78 -97 -97 -97 -97 -97 -97
