d8:15:0d:9d:d1:be -33 -53 -33 -33 -29 -30 -30 -30 -30 -30
ec:88:8f:c7:07:e6 -56 -56 -56 -56 -56 -55 -55 -55 -55 -55
c6:c6:c6:c6:c6:06 -52 -51 -46 -44 -52 -48 -48 -56 -54 -46
00:21:6a:bd:77:58 -55 -52 -56 -52 -59 -67 -63 -55 -63 -59
c6:c6:c6:c6:c6:01 -57 -55 -57 -57 -56 -56 -55 -55 -56 -54
74:d0:2b:89:83:88 -66 -65 -64 -64 -63 -65 -65 -65 -65 -65
74:d0:2b:89:83:8c -73 -71 -71 -71 -67 -67 -67 -67 -67 -67
00:90:4c:60:00:2c -41 -42 -49 -53 -46 -47 -44 -45 -44 -42
c8:3a:35:16:2b:e8 -49 -51 -51 -74 -54 -52 -52 -52 -52 -53
c6:c6:c6:c6:c6:11 -53 -51 -48 -49 -49 -49 -50 -52 -50 -50
2e:d0:5a:6e:32:85 -76 -78 -78 -78 -82 -86 -86 -86 -85 -85
d0:c7:c0:71:74:54 -71 -67 -72 -72 -72 -72 -71 -66 -70 -70
84:1b:5e:f2:19:78 -89 -89 -90 -90 -91 -91 -91 -91 -91 -91
80:f6:2e:20:8e:41 -98 -98 -98 -98 -98 -98
80:f6:2e:20:8e:40 -97 -97 -97 -97 -97 -97
6c:6c:6c:6c:6c:09 -64 -64 -61 -59 -59 -59 -59 -59 -59 -60
c6:c6:c6:c6:c6:05 -54 -54 -64 -67 -64 -67 -67 -68 -68 -68
c6:c6:c6:c6:c6:13 -59 -59 -63 -63 -63 -63 -63 -63 -63 -63
d0:c7:c0:71:74:92 -87 -88 -88 -88 -88 -88 -86 -86 -86 -86
c6:c6:c6:c6:c6:14 -63 -63 -63 -63 -72 -72 -72
d0:c7:c0:71:5b:76 -57 -65 -66 -66 -66 -66 -66 -66 -66 -66
c6:c6:c6:c6:c6:20 -72 -72 -72 -75 -75 -75 -75 -75 -75 -75
84:1b:5e:f2:19:79 -63 -63 -63 -63 -66
80:f6:2e:20:55:21 -96 -96 -96 -96 -96 -96 -96
80:f6:2e:20:55:30 -88 -90 -90 -90 -90 -90 -90 -90 -90
80:f6:2e:20:55:31 -87 -90 -90 -90 -90 -90 -90 -90 -90
28:2c:b2:16:39:fe -84 -84 -84 -84 -84 -84 -83 -83 -83 -83
80:f6:2e:20:55:20 -96 -96 -96 -96 -96 -96 -96
00:25:86:84:8e:aa -82 -82 -82 -76 -81 -81 -77 -77 -77 -78
80:f6:2e:20:8e:51 -69 -69 -69 -69 -69 -69 -65 -65 -65 -69
1c:fa:68:fe:c8:93 -72 -76 -76 -76 -76 -80 -80 -80 -80 -80
80:f6:2e:20:8e:50 -73 -73 -73 -73 -73 -68 -68 -68 -68 -69
00:36:76:3b:06:de -76 -76 -76 -76 -76 -76
80:f6:2e:20:88:c1 -97
