d8:15:0d:9d:d1:be -42 -39 -54 -42 -42 -54 -43 -39 -38 -38
ec:88:8f:c7:07:e6 -53 -53 -53 -53 -53 -53 -53 -54 -54 -54
c6:c6:c6:c6:c6:06 -59 -55 -57 -55 -55 -53 -53 -49 -49 -50
00:21:6a:bd:77:58 -63 -59 -57 -56 -56 -56 -57 -56 -56 -56
c6:c6:c6:c6:c6:01 -60 -59 -59 -63 -64 -59 -63 -60 -65 -60
74:d0:2b:89:83:88 -63 -68 -72 -72 -71 -72 -72 -73 -75 -75
74:d0:2b:89:83:8c -75 -69 -68 -70 -69 -71 -71 -71 -71 -68
00:90:4c:60:00:2c -45 -45 -57 -46 -58 -47 -45 -45 -45 -45
c8:3a:35:16:2b:e8 -58 -60 -60 -56 -60 -57 -57 -57 -57 -54
c6:c6:c6:c6:c6:11 -60 -60 -62 -62 -62 -61 -59 -59 -59 -59
2e:d0:5a:6e:32:85 -73 -79 -76 -76 -75 -75 -75 -76 -77 -77
d0:c7:c0:71:74:54 -75 -71 -67 -67 -67 -67 -66 -66 -66 -66
84:1b:5e:f2:19:78 -89 -89 -89 -89 -89 -96 -96 -96 -96 -96
6c:6c:6c:6c:6c:09 -57 -61 -61 -66 -66 -66 -68 -68 -68 -68
c6:c6:c6:c6:c6:05 -61 -62 -62 -58 -56 -56 -56 -56 -58 -56
c6:c6:c6:c6:c6:13 -56 -60 -60 -60 -53 -53 -53 -53 -52 -52
c6:c6:c6:c6:c6:20 -72 -72 -67 -67 -67 -64 -64 -64 -64 -64
28:2c:b2:16:39:fe -82 -82 -81 -82 -80 -80 -81 -81 -81 -82
00:25:86:84:8e:aa -76 -76 -80 -76 -76 -76 -76 -76 -73 -75
1c:fa:68:fe:c8:93 -81 -81 -81 -81 -81 -81 -81 -81 -81 -82
c6:c6:c6:c6:c6:14 -71 -71 -71 -71 -71 -71 -71 -71
00:90:4c:60:00:1c -82 -82 -82 -80 -85 -85 -85
80:f6:2e:20:56:41 -98
80:f6:2e:20:57:20 -97 -97 -97 -97 -97 -97 -97
80:f6:2e:20:57:21 -96 -96 -96 -96
80:f6:2e:20:8e:41 -99 -97 -97 -97 -97 -97 -97 -97 -99 -99
80:f6:2e:20:8e:40 -96 -96 -96 -96 -96 -96 -96 -96 -98 -96
d0:c7:c0:71:5b:76 -63 -63 -58 -55 -55 -59 -61 -57 -61 -61
d0:c7:c0:71:74:92 -85 -82 -79 -79 -79 -79 -78 -78 -77 -78
00:36:76:3b:06:de -75 -75 -75 -75 -75 -75 -75 -75 -75
80:f6:2e:20:8e:50 -64 -64 -64 -69 -69 -69 -69 -66 -66
80:f6:2e:20:8e:51 -65 -69 -69 -69 -69 -70 -66
84:1b:5e:f2:19:79 -68 -68 -68 -68 -68 -68 -68
00:21:6b:91:fb:2b -86 -86 -86 -86 -87 -87 -89
