d8:15:0d:9d:d1:be -55 -56 -56 -54 -54 -54 -52 -50 -50 -50
ec:88:8f:c7:07:e6 -58 -59 -59 -59 -59 -59 -59 -59 -59 -59
c6:c6:c6:c6:c6:06 -54 -54 -55 -57 -56 -54 -58 -61 -62 -62
00:21:6a:bd:77:58 -59 -69 -65 -68 -71 -70 -67 -65 -63 -68
c6:c6:c6:c6:c6:01 -54 -51 -56 -54 -55 -62 -52 -55 -55 -55
74:d0:2b:89:83:88 -66 -65 -65 -65 -66 -67 -67 -68 -70 -69
74:d0:2b:89:83:8c -75 -74 -69 -72 -72 -72 -76 -76 -74 -76
00:90:4c:60:00:2c -47 -47 -63 -65 -57 -50 -53 -65 -57 -54
c8:3a:35:16:2b:e8 -59 -60 -60 -60 -60 -58 -57 -57 -57 -57
c6:c6:c6:c6:c6:11 -53 -53 -50 -50 -52 -52 -51 -51 -50 -50
c6:c6:c6:c6:c6:05 -62 -64 -60 -59 -59 -60 -60 -60 -59 -59
6c:6c:6c:6c:6c:09 -60 -60 -63 -63 -67 -67 -66 -60 -58 -63
2e:d0:5a:6e:32:85 -80 -80 -80 -81 -82 -84 -84 -85 -84 -84
d0:c7:c0:71:74:54 -73 -75 -75 -77 -76 -76 -76 -76 -76 -76
28:2c:b2:16:39:fe -78 -76 -75 -75 -76 -76 -76 -76 -76 -76
c6:c6:c6:c6:c6:13 -51 -51 -51 -51 -62 -61
d0:c7:c0:71:74:92 -81 -81 -81 -82 -82 -83 -83 -85 -85 -85
c6:c6:c6:c6:c6:14 -70 -71 -73 -69 -69 -71 -71 -71 -72 -72
00:21:6b:91:fb:2b -86 -86 -85 -84 -84 -85 -85 -85 -85 -85
00:25:86:84:8e:aa -74 -74 -74 -74 -74 -76 -78 -78 -78 -79
d0:c7:c0:71:5b:76 -63 -59 -59 -63 -63 -63 -64 -64 -64 -64
1c:fa:68:fe:c8:93 -75 -80
c6:c6:c6:c6:c6:20 -73 -67 -67 -67 -67 -67 -71 -71 -71
00:36:76:3b:06:de -79 -79 -79 -79 -79
00:90:4c:60:00:1c -82 -82 -82 -82 -82 -82 -82 -82 -82 -82
84:1b:5e:f2:19:78 -92 -92 -92 -92
80:f6:2e:20:8e:51 -71 -71 -71 -71 -71 -71 -71 -71 -71 -71
84:1b:5e:f2:19:79 -74 -74 -74 -74 -74 -66 -66
80:f6:2e:20:8e:50 -64 -64 -69 -69 -69 -69 -71 -71 -71 -71
80:f6:2e:20:57:21 -97 -97 -97 -97 -99
80:f6:2e:20:57:20 -99 -99 -99 -99 -99
