d8:15:0d:9d:d1:be -54 -49 -48 -48 -46 -46 -49 -49 -52 -52
ec:88:8f:c7:07:e6 -48 -48 -48 -48 -48 -48 -48 -48 -48 -48
c6:c6:c6:c6:c6:06 -52 -58 -57 -49 -55 -62 -58 -55 -59 -55
00:21:6a:bd:77:58 -51 -54 -52 -52 -52 -59 -60 -51 -55 -54
c6:c6:c6:c6:c6:01 -58 -62 -63 -62 -65 -61 -65 -61 -61 -61
74:d0:2b:89:83:88 -67 -70 -66 -65 -65 -65 -66 -66 -68 -69
74:d0:2b:89:83:8c -67 -76 -75 -69 -69 -72 -74 -69 -75 -70
00:90:4c:60:00:2c -53 -49 -48 -56 -48 -47 -51 -51 -61 -53
c8:3a:35:16:2b:e8 -54 -54 -53 -53 -51 -51 -51 -56 -54 -50
c6:c6:c6:c6:c6:11 -59 -55 -53 -53 -55 -56 -56 -56 -56 -56
2e:d0:5a:6e:32:85 -79 -82 -79 -76 -77 -78 -78 -78 -82 -82
d0:c7:c0:71:74:54 -68 -66 -69 -67 -67 -66 -66 -66 -66 -66
84:1b:5e:f2:19:78 -87 -86 -86 -86 -86 -86 -86 -86 -86 -89
84:1b:5e:f2:19:79 -57 -57 -57 -57 -57 -57 -61 -65 -65 -65
c6:c6:c6:c6:c6:20 -67 -67 -67 -67
80:f6:2e:20:8e:51 -72 -72 -72 -72 -74 -74 -74 -76 -76 -76
80:f6:2e:20:57:21 -91 -91 -91 -95 -96 -96 -95 -93 -93
80:f6:2e:20:57:20 -91 -91 -91 -96 -96 -96 -95 -93 -93
80:f6:2e:20:56:41 -97 -97 -97 -97 -97 -97 -97 -97
80:f6:2e:20:56:40 -96 -96 -96 -96 -96 -96 -95
80:f6:2e:20:8e:41 -98 -98 -98 -98 -97 -98 -98 -98 -98 -98
80:f6:2e:20:8e:40 -96 -96 -96 -96 -96 -96 -96 -96 -96 -96
6c:6c:6c:6c:6c:09 -70 -64 -64 -65 -66 -66 -66 -66 -66 -66
c6:c6:c6:c6:c6:05 -53 -65 -63 -63 -63 -59 -59 -55 -55 -55
c6:c6:c6:c6:c6:13 -63 -63 -63 -64 -64 -66 -66 -66 -71 -71
00:25:86:84:8e:aa -83 -83 -83 -83 -83 -83 -83 -80
28:2c:b2:16:39:fe -85 -82 -84 -85 -85 -85 -86 -86 -86 -86
00:90:4c:60:00:1c -83 -80 -82 -82 -81 -82 -82 -82 -79 -79
d0:c7:c0:71:74:92 -84 -83 -83 -81 -81 -83 -83 -83 -81 -83
0c:72:2c:7d:27:68 -87 -87 -87
00:36:76:3b:06:de -76 -79 -79 -79 -79 -79 -79 -79 -77
c6:c6:c6:c6:c6:14 -70 -70 -70 -70 -70 -70 -78 -78 -78 -79
1c:fa:68:fe:c8:93 -79 -80 -80 -80 -80 -80 -80 -80 -75
80:f6:2e:20:55:21 -96 -96 -96 -96 -96 -96 -96 -96 -98
80:f6:2e:20:8e:50 -68 -68 -68 -68 -68 -68 -68 -78 -78 -78
80:f6:2e:20:55:30 -85 -85 -85 -85 -85 -83 -83 -83 -83 -83
80:f6:2e:20:55:20 -95 -95 -95 -95 -95 -95 -95 -97
80:f6:2e:20:55:31 -85 -85 -85 -85 -85 -83 -85 -85 -83 -83
00:1d:0f:77:c2:1c -82 -82 -82 -82 -82 -82 -82
d0:c7:c0:71:5b:76 -70 -68 -68 -64 -65 -68
9c:21:6a:9a:55:88 -73 -73 -73 -73 -83 -83
80:f6:2e:20:9a:51 -91 -91
00:21:6b:91:fb:2b -89
