d8:15:0d:9d:d1:be -39 -54 -41 -38 -38 -54 -43 -41 -42 -42
ec:88:8f:c7:07:e6 -48 -48 -48 -48 -48 -56 -56 -56 -56 -52
c6:c6:c6:c6:c6:06 -50 -52 -54 -50 -50 -48 -48 -48 -46 -46
00:21:6a:bd:77:58 -56 -56 -56 -56 -56 -53 -60 -62 -62 -58
c6:c6:c6:c6:c6:01 -62 -57 -57 -56 -56 -57 -57 -57 -57 -57
74:d0:2b:89:83:88 -74 -70 -68 -68 -68 -68 -68 -67 -67 -67
74:d0:2b:89:83:8c -73 -69 -69 -74 -74 -79 -74 -70 -73 -73
00:90:4c:60:00:2c -45 -46 -42 -42 -46 -44 -44 -44 -56 -60
c8:3a:35:16:2b:e8 -53 -57 -51 -50 -50 -50 -50 -57 -52 -52
c6:c6:c6:c6:c6:11 -58 -59 -59 -57 -56 -56 -55 -55 -55 -54
2e:d0:5a:6e:32:85 -79 -77 -76 -76 -77 -77 -78 -78 -78 -80
d0:c7:c0:71:74:54 -72 -74 -73 -73 -73 -73 -73 -75 -75 -75
84:1b:5e:f2:19:78 -90 -90 -90 -89 -90 -89 -89 -89 -89 -89
80:f6:2e:20:8e:41 -96 -96 -98 -98 -98 -98 -99 -98 -98 -98
80:f6:2e:20:8e:40 -96 -96 -96 -96 -96 -96 -96 -95 -95 -95
6c:6c:6c:6c:6c:09 -65 -65 -65 -62 -62 -62 -62 -66 -66 -66
c6:c6:c6:c6:c6:05 -59 -64 -64 -64 -64 -64 -64 -65 -65 -64
c6:c6:c6:c6:c6:13 -61 -61 -61 -61 -61 -61 -61 -70 -70 -70
28:2c:b2:16:39:fe -82 -82 -82 -82 -82 -82 -87 -87 -87
00:90:4c:60:00:1c -79 -79
d0:c7:c0:71:74:92 -85 -85 -83 -83 -85 -85 -85 -84 -83 -88
c6:c6:c6:c6:c6:14 -72 -72 -72 -72 -72 -72 -72 -72 -74 -74
80:f6:2e:20:8e:50 -74 -74 -74 -69 -69 -69
80:f6:2e:20:55:30 -83 -87 -87 -87 -87
80:f6:2e:20:55:31 -87 -87 -87 -87 -87 -87
d0:c7:c0:71:5b:76 -63 -63 -63 -63 -72 -72 -71 -71 -69 -69
80:f6:2e:20:57:21 -96 -96 -96 -96 -96 -96 -96 -96 -96
80:f6:2e:20:57:20 -96 -95 -95 -95 -95 -95 -95 -95 -95
80:f6:2e:20:56:41 -92 -92 -93 -93 -96 -96 -96 -96 -97 -97
00:36:76:3b:06:de -83 -83 -83 -83
00:25:86:84:8e:aa -81 -81 -81 -81 -81 -81 -81
00:21:6b:91:fb:2b -85 -85 -85 -85
80:f6:2e:20:56:40 -92 -92 -93 -93 -95 -95 -95 -95 -95 -95
c6:c6:c6:c6:c6:20 -70 -70 -70 -70 -72 -72 -72 -72 -74 -74
84:1b:5e:f2:19:79 -63 -63 -62 -62 -62 -62 -62 -62 -61 -61
80:f6:2e:20:55:21 -97 -97 -97 -97 -97 -97 -97 -97 -97 -97
80:f6:2e:20:55:20 -98 -98 -98 -98 -98 -98 -98
80:f6:2e:20:8e:51 -74 -74 -74 -74 -74 -74 -74
1c:fa:68:fe:c8:93 -80 -79 -79 -82 -82 -82 -82 -82
