d8:15:0d:9d:d1:be -54 -52 -52 -52 -52 -52 -52 -53 -53 -54
ec:88:8f:c7:07:e6 -58 -58 -58 -58 -58 -60 -60 -60 -60 -60
c6:c6:c6:c6:c6:06 -68 -65 -65 -66 -66 -59 -57 -62 -67 -60
00:21:6a:bd:77:58 -73 -71 -71 -67 -63 -66 -68 -69 -61 -61
c6:c6:c6:c6:c6:01 -54 -55 -55 -53 -55 -59 -55 -53 -53 -56
74:d0:2b:89:83:88 -69 -68 -67 -67 -67 -67 -68 -68 -66 -65
74:d0:2b:89:83:8c -63 -62 -64 -63 -63 -62 -64 -63 -72 -66
00:90:4c:60:00:2c -54 -54 -56 -56 -56 -56 -58 -54 -54 -54
c8:3a:35:16:2b:e8 -56 -53 -53 -53 -53 -53 -53 -53 -52 -56
d0:c7:c0:71:5b:76 -61 -61 -62 -62 -62 -67 -63 -61 -61 -57
28:2c:b2:16:39:fe -79 -80 -80 -81 -81 -81 -81 -81 -81 -81
2e:d0:5a:6e:32:85 -71 -67 -67 -67 -67 -67 -67 -66 -66 -66
c6:c6:c6:c6:c6:11 -52 -55 -55 -55 -55 -55 -57 -51 -51 -51
c6:c6:c6:c6:c6:05 -57 -69 -69 -69 -69 -69 -69 -63 -59 -60
c6:c6:c6:c6:c6:13 -50 -50 -50 -50 -50 -50 -50 -49 -48 -48
d0:c7:c0:71:74:54 -70 -72 -72 -74 -74 -74 -74 -73 -74 -74
00:21:6b:91:fb:2b -83 -83 -83 -83
d0:c7:c0:71:74:92 -77 -79 -77 -82 -82 -82 -80 -74 -78 -78
00:25:86:84:8e:aa -82 -78 -78 -78 -78 -79 -79 -79 -79 -79
6c:6c:6c:6c:6c:09 -53 -53 -53 -53 -53 -51 -51 -52 -52 -55
c6:c6:c6:c6:c6:20 -68 -69 -69 -68 -68 -68 -68 -68 -64 -63
84:1b:5e:f2:19:79 -83 -74 -74 -74 -74 -74 -74 -74 -74
c6:c6:c6:c6:c6:14 -72 -72 -72 -72 -72 -72 -72 -72 -72 -72
00:90:4c:60:00:1c -84 -84 -84 -84
1c:fa:68:fe:c8:93 -80 -80 -80 -80 -83 -83 -83 -81 -81
80:f6:2e:20:8e:51 -86 -86 -86 -86
80:f6:2e:20:55:31 -93 -93 -93 -93
80:f6:2e:20:55:30 -93 -93 -93 -93
2a:5d:60:01:e3:cf -88 -88 -88 -88
c6:c6:c6:c6:c6:16 -76 -76 -76 -76 -76
9c:21:6a:9a:55:88 -79 -79 -79
