d8:15:0d:9d:d1:be -47 -54 -55 -54 -54 -56 -60 -56 -58 -56
ec:88:8f:c7:07:e6 -63 -63 -62 -62 -62 -62 -62 -61 -61 -61
c6:c6:c6:c6:c6:06 -57 -56 -56 -55 -55 -53 -60 -56 -54 -56
00:21:6a:bd:77:58 -70 -68 -65 -64 -63 -64 -71 -73 -65 -71
c6:c6:c6:c6:c6:01 -53 -53 -57 -51 -57 -54 -49 -56 -51 -51
74:d0:2b:89:83:88 -61 -61 -61 -60 -60 -60 -60 -59 -59 -59
74:d0:2b:89:83:8c -75 -71 -67 -67 -71 -67 -71 -75 -80 -80
00:90:4c:60:00:2c -49 -52 -53 -49 -52 -50 -52 -53 -53 -53
c8:3a:35:16:2b:e8 -48 -48 -48 -50 -56 -51 -50 -50 -50 -54
d0:c7:c0:71:5b:76 -70 -70 -70 -64 -64 -64 -64 -64 -64
c6:c6:c6:c6:c6:11 -55 -57 -57 -56 -56 -55 -55 -52 -55 -56
c6:c6:c6:c6:c6:05 -54 -54 -54 -56 -54 -54 -56 -57 -57 -55
6c:6c:6c:6c:6c:09 -51 -51 -53 -50 -50 -50 -51 -51 -51 -51
2e:d0:5a:6e:32:85 -75 -75 -75 -74 -74 -74 -74 -74 -75 -75
d0:c7:c0:71:74:54 -73 -74 -74 -74 -74 -74 -72 -72 -73 -73
28:2c:b2:16:39:fe -82 -80 -80 -80 -79 -78 -78 -76 -76 -78
c6:c6:c6:c6:c6:13 -55 -55 -58 -58 -58 -58 -58 -53 -56 -56
00:90:4c:60:00:1c -84 -84 -84 -84 -84 -84 -84 -84 -84 -84
d0:c7:c0:71:74:92 -81 -81 -83 -85 -85 -85 -85 -85 -85 -87
c6:c6:c6:c6:c6:14 -68 -68 -68 -68 -68 -68 -68 -68 -68 -68
c6:c6:c6:c6:c6:20 -75 -75 -75 -75 -75 -75
00:21:6b:91:fb:2b -82 -82 -85 -86 -86 -86 -86 -86 -87 -84
1c:fa:68:fe:c8:93 -81 -81 -77
00:25:86:84:8e:aa -79 -79 -79 -79 -79 -80 -80 -80 -80 -80
80:f6:2e:20:58:d0 -69
84:1b:5e:f2:19:79 -75 -75 -75 -75
84:1b:5e:f2:19:78 -96 -96 -96 -96 -96 -96 -96
00:36:76:3b:06:de -84 -84 -84 -84 -84 -84 -84 -84
c6:c6:c6:c6:c6:16 -79 -79 -79 -79 -79 -79 -79
80:f6:2e:20:57:21 -99 -99 -99 -99 -99
80:f6:2e:20:57:20 -98 -98 -98 -98 -98
80:f6:2e:20:55:31 -91 -91 -91 -91
