d8:15:0d:9d:d1:be -52 -52 -46 -45 -44 -44 -44 -44 -44 -43
ec:88:8f:c7:07:e6 -57 -57 -57 -58 -58 -58 -58 -58 -58 -58
c6:c6:c6:c6:c6:06 -55 -58 -55 -52 -52 -56 -56 -56 -55 -55
00:21:6a:bd:77:58 -53 -57 -49 -51 -49 -52 -50 -50 -50 -50
c6:c6:c6:c6:c6:01 -63 -60 -53 -57 -53 -60 -55 -53 -53 -51
74:d0:2b:89:83:88 -72 -68 -67 -68 -68 -66 -65 -67 -67 -75
74:d0:2b:89:83:8c -74 -70 -72 -75 -75 -72 -68 -67 -67 -67
00:90:4c:60:00:2c -50 -50 -51 -51 -51 -52 -57 -57 -52 -53
c8:3a:35:16:2b:e8 -45 -48 -47 -44 -43 -43 -44 -47 -47 -79
c6:c6:c6:c6:c6:11 -54 -51 -53 -57 -55 -54 -54 -54 -54 -58
2e:d0:5a:6e:32:85 -76 -79 -79 -76 -76 -72 -76 -76 -77 -77
d0:c7:c0:71:74:54 -69 -73 -71 -71 -71 -72 -72 -72 -71 -71
6c:6c:6c:6c:6c:09 -69 -67 -67 -63 -63 -63 -63 -63 -63 -63
28:2c:b2:16:39:fe -82 -82 -82 -82 -82 -82 -86 -86 -86 -86
d0:c7:c0:71:74:92 -86 -90 -85 -81 -82 -82 -82 -82 -81 -81
c6:c6:c6:c6:c6:20 -62 -64 -64 -64 -64 -64 -63 -62 -62 -62
c6:c6:c6:c6:c6:05 -57 -57 -54 -54 -54 -54 -61 -57 -56 -49
c6:c6:c6:c6:c6:14 -73 -72 -72 -73 -73 -73 -73 -73 -73 -73
00:21:6b:91:fb:2b -87 -87 -87 -87 -84 -84 -84 -84 -87 -88
00:90:4c:60:00:1c -84 -84 -86 -80 -80 -80 -80 -80 -80 -80
80:f6:2e:20:55:31 -90 -90 -81 -81 -81
80:f6:2e:20:55:30 -90 -90 -81 -81 -81
80:f6:2e:20:55:21 -98 -98 -98
84:1b:5e:f2:19:78 -92 -92 -92
80:f6:2e:20:55:20 -95 -95 -95
d0:c7:c0:71:5b:76 -65 -65 -65 -65 -65 -65 -65 -72
80:f6:2e:20:8e:41 -95 -95 -95 -95 -95 -95 -95 -95 -95 -96
80:f6:2e:20:8e:40 -94 -94 -94 -94 -94 -94 -94 -96 -95 -95
1c:fa:68:fe:c8:93 -81 -81 -81 -81 -76 -76 -76 -76 -76 -75
9c:d6:43:4e:e9:50 -91 -91 -91
80:f6:2e:20:57:21 -90 -90 -96 -96 -96 -96 -96 -96 -96 -96
80:f6:2e:20:57:20 -89 -89 -95 -95 -95 -95 -95 -95 -95 -95
c6:c6:c6:c6:c6:13 -68 -64 -64 -61 -61 -57 -60 -62 -63 -63
80:f6:2e:20:58:d1 -75 -75 -75 -75 -75 -75 -75
80:f6:2e:20:9a:51 -84 -84 -84 -84 -84 -84 -84
84:1b:5e:f2:19:79 -74 -74 -72 -72 -72 -72
00:36:76:3b:06:de -78 -78 -78 -78
