d8:15:0d:9d:d1:be -32 -34 -39 -39 -54 -38 -38 -37 -37 -33
ec:88:8f:c7:07:e6 -60 -60 -60 -60 -58 -58 -58 -58 -60 -60
c6:c6:c6:c6:c6:06 -53 -53 -54 -58 -53 -56 -56 -56 -57 -53
00:21:6a:bd:77:58 -65 -61 -56 -54 -56 -58 -54 -63 -61 -59
c6:c6:c6:c6:c6:01 -47 -45 -50 -50 -46 -45 -43 -45 -45 -45
74:d0:2b:89:83:88 -68 -68 -67 -65 -65 -67 -67 -70 -70 -67
74:d0:2b:89:83:8c -74 -75 -72 -76 -76 -76 -75 -76 -75 -76
00:90:4c:60:00:2c -45 -48 -47 -43 -56 -44 -54 -54 -53 -59
c8:3a:35:16:2b:e8 -54 -47 -46 -46 -44 -44 -76 -76 -48 -44
c6:c6:c6:c6:c6:11 -49 -47 -47 -51 -51 -47 -47 -48 -49 -52
2e:d0:5a:6e:32:85 -85 -85 -80 -80 -80 -85 -85 -80 -81 -77
d0:c7:c0:71:74:54 -75 -75 -75 -75 -82 -78 -70 -70 -69 -70
6c:6c:6c:6c:6c:09 -67 -63 -63 -63 -63 -70 -70 -70 -67 -62
28:2c:b2:16:39:fe -81 -81 -81 -81 -82 -83 -81 -81 -81 -81
d0:c7:c0:71:74:92 -85 -85 -85 -83 -83 -83 -84 -84 -86 -86
c6:c6:c6:c6:c6:20 -68 -69 -68 -65 -65 -65 -65 -70 -70 -70
c6:c6:c6:c6:c6:05 -50 -50 -50 -56 -56 -56 -53 -54 -54 -54
80:f6:2e:20:8e:41 -97 -97 -97 -97 -97 -97 -97 -97 -97 -97
80:f6:2e:20:8e:40 -97 -96 -96 -96 -96 -96 -96 -96 -98 -98
80:f6:2e:20:55:31 -89 -89 -89 -89 -89 -89
d0:c7:c0:71:5b:76 -66 -68 -66 -66 -65 -65 -65 -66 -65 -65
80:f6:2e:20:8e:51 -70 -70
1c:fa:68:fe:c8:93 -73 -73 -81 -81 -81 -81 -81 -77 -77 -77
00:90:4c:60:00:1c -82 -82 -82 -82 -79 -79 -79
c6:c6:c6:c6:c6:14 -65 -65 -69 -69 -67 -67 -67 -67 -67 -69
84:1b:5e:f2:19:78 -93 -93 -93 -95 -92 -92 -92 -92 -92 -96
80:f6:2e:20:8e:50 -70 -70 -70
80:f6:2e:20:57:21 -94 -94 -94 -94 -96 -96 -95 -95
80:f6:2e:20:57:20 -94 -94 -94 -94 -97 -97 -97 -97
00:21:6b:91:fb:2b -87 -87 -87 -87 -87 -87 -83 -83 -83 -82
00:36:76:3b:06:de -75 -75 -75 -75 -75 -75 -75
c6:c6:c6:c6:c6:16 -74 -74 -74 -74 -74 -74 -74
c6:c6:c6:c6:c6:13 -68 -66 -68 -68 -68 -65 -65 -65 -65 -66
84:1b:5e:f2:19:79 -75 -75 -75 -75 -75 -75 -75
00:25:86:84:8e:aa -80 -80 -81 -81 -81 -81 -80 -80
