d8:15:0d:9d:d1:be -38 -42 -41 -52 -44 -53 -43 -39 -39 -54
ec:88:8f:c7:07:e6 -62 -63 -63 -63 -63 -63 -59 -59 -59 -59
c6:c6:c6:c6:c6:06 -55 -53 -53 -56 -56 -58 -58 -54 -54 -53
00:21:6a:bd:77:58 -55 -59 -52 -50 -51 -52 -49 -52 -57 -64
c6:c6:c6:c6:c6:01 -53 -58 -56 -56 -56 -55 -57 -59 -50 -58
74:d0:2b:89:83:88 -73 -73 -69 -73 -73 -70 -70 -70 -69 -69
74:d0:2b:89:83:8c -76 -69 -69 -68 -75 -75 -75 -72 -79 -71
00:90:4c:60:00:2c -56 -56 -56 -63 -58 -55 -52 -51 -50 -56
c8:3a:35:16:2b:e8 -76 -76 -76 -48 -40 -39 -39 -43 -43 -40
c6:c6:c6:c6:c6:11 -51 -54 -54 -58 -58 -58 -58 -58 -53 -51
2e:d0:5a:6e:32:85 -83 -79 -80 -79 -78 -78 -78 -80 -81 -82
d0:c7:c0:71:74:54 -72 -79 -76 -68 -67 -68 -68 -76 -80 -76
6c:6c:6c:6c:6c:09 -67 -67 -65 -65 -64 -64 -64 -64 -64 -64
28:2c:b2:16:39:fe -85 -85 -85 -82 -82 -82 -82 -83 -83 -86
d0:c7:c0:71:74:92 -82 -81 -83 -83 -83 -83 -86 -84 -84 -84
c6:c6:c6:c6:c6:20 -70 -70 -64 -64 -63 -62 -62 -62 -62 -63
c6:c6:c6:c6:c6:05 -51 -51 -51 -51 -49 -49 -53 -53 -48 -47
d0:c7:c0:71:5b:76 -63 -63 -63 -63 -63 -63 -63 -69 -71
1c:fa:68:fe:c8:93 -77 -77 -77 -77 -77 -77 -77 -77 -75
c6:c6:c6:c6:c6:14 -70 -70 -70 -68 -68 -68 -68 -68 -75 -75
84:1b:5e:f2:19:78 -96 -96 -96 -96 -91 -91
00:21:6b:91:fb:2b -88 -85 -85 -84 -83 -83 -84 -84 -84 -84
c6:c6:c6:c6:c6:13 -62 -66 -66 -66 -70 -70 -74 -74 -70 -70
00:25:86:84:8e:aa -80 -80 -80 -80 -78 -78 -78 -78 -78 -78
80:f6:2e:20:57:21 -97 -97 -97
00:90:4c:60:00:1c -81 -81 -81 -81 -81 -81 -84 -84 -84 -81
84:1b:5e:f2:19:79 -70 -70 -70 -70 -70 -68 -68 -68 -62 -62
00:36:76:3b:06:de -71 -71 -72 -72 -72 -68 -68 -68 -68 -68
80:f6:2e:20:55:31 -93 -93 -93 -93 -93 -93 -89 -89 -89 -89
80:f6:2e:20:55:30 -91 -91 -91 -91 -91 -91 -91 -91 -91 -91
80:f6:2e:20:55:21 -98 -98 -98 -98 -98 -98 -98 -98
80:f6:2e:20:8e:51 -73 -72 -72 -72 -72 -71
80:f6:2e:20:8e:50 -72 -72 -72 -72 -71
80:f6:2e:20:55:20 -97 -97 -96 -96
80:f6:2e:20:8e:41 -97 -98
80:f6:2e:20:8e:40 -96 -97
