d8:15:0d:9d:d1:be -44 -50 -51 -50 -47 -45 -55 -47 -45 -45
ec:88:8f:c7:07:e6 -60 -60 -60 -60 -60 -56 -56 -56 -56 -55
c6:c6:c6:c6:c6:06 -61 -57 -57 -61 -69 -61 -55 -53 -53 -57
00:21:6a:bd:77:58 -52 -60 -48 -47 -47 -46 -53 -48 -47 -47
c6:c6:c6:c6:c6:01 -58 -58 -55 -52 -62 -62 -48 -62 -58 -70
74:d0:2b:89:83:88 -70 -66 -68 -70 -71 -70 -70 -70 -69 -70
74:d0:2b:89:83:8c -76 -79 -76 -72 -72 -76 -79 -79 -79 -77
00:90:4c:60:00:2c -59 -59 -55 -55 -69 -59 -57 -58 -56 -58
c8:3a:35:16:2b:e8 -43 -42 -47 -51 -45 -49 -46 -55 -57 -77
c6:c6:c6:c6:c6:11 -60 -60 -57 -55 -54 -54 -56 -56 -58 -59
2e:d0:5a:6e:32:85 -82 -77 -76 -77 -78 -78 -80 -79 -73 -78
d0:c7:c0:71:74:54 -71 -72 -72 -72 -72 -72 -72 -74 -76 -76
d0:c7:c0:71:74:92 -87 -87 -87 -88 -88 -88 -88 -90 -90 -90
c6:c6:c6:c6:c6:20 -60 -77 -73 -73 -66 -66 -66 -66 -66 -65
c6:c6:c6:c6:c6:05 -44 -44 -42 -42 -42 -42 -42 -42 -42 -42
c6:c6:c6:c6:c6:14 -73 -73 -73 -73 -73 -73 -79 -75 -75 -76
00:21:6b:91:fb:2b -83 -83 -86 -86 -88 -88 -88 -87 -87 -87
80:f6:2e:20:8e:41 -97 -97 -97 -98 -98 -98 -98 -98 -98 -97
80:f6:2e:20:8e:40 -95 -97 -97 -97 -97 -97 -97 -98 -98 -98
1c:fa:68:fe:c8:93 -75 -75 -75 -75 -75 -75
c6:c6:c6:c6:c6:13 -66 -65 -65 -65 -63 -63 -63 -71 -71 -71
84:1b:5e:f2:19:79 -66 -66 -70 -70 -70 -70 -70 -70 -70
00:36:76:3b:06:de -74 -74 -74 -74 -73 -73 -73 -73 -73 -73
80:f6:2e:20:55:31 -91 -91 -91 -91 -92 -92 -92 -92 -92 -92
80:f6:2e:20:55:30 -90 -90 -90 -90 -90 -90 -90 -90
d0:c7:c0:71:5b:76 -69 -69 -66 -66 -66 -66 -66 -67 -67 -67
84:1b:5e:f2:19:78 -95 -95 -93 -93 -93 -93 -93 -93 -91 -91
80:f6:2e:20:56:50 -75 -75 -75 -75
6c:6c:6c:6c:6c:09 -67 -67 -67 -64 -64 -69 -67 -67 -63 -63
00:90:4c:60:00:1c -80 -80 -78 -78 -78 -80 -80 -80 -80 -80
28:2c:b2:16:39:fe -81 -81 -81 -81 -81 -81 -82 -82 -82 -82
80:f6:2e:20:58:d0 -73 -73 -73 -73 -73 -73 -73
80:f6:2e:20:9a:51 -80 -80 -80 -80 -80 -80 -80
80:f6:2e:20:57:21 -98 -98 -98 -98 -97 -97 -97 -97
80:f6:2e:20:8e:50 -75 -75 -75 -75 -75 -75 -75
80:f6:2e:20:57:20 -95 -95 -95 -95 -95 -95 -95 -95
00:1d:0f:77:c2:1c -75 -75 -75 -75 -75 -75
80:f6:2e:20:9a:50 -81 -81 -81 -81 -81
80:f6:2e:20:88:c1 -99 -99 -99 -99
80:f6:2e:20:88:c0 -97 -97 -97 -97
80:f6:2e:20:58:d1 -69
