d8:15:0d:9d:d1:be -48 -50 -56 -54 -50 -49 -51 -51 -51 -52
ec:88:8f:c7:07:e6 -64 -64 -64 -64 -64 -64 -70 -70 -70 -70
c6:c6:c6:c6:c6:06 -70 -58 -66 -60 -60 -62 -63 -63 -63 -62
00:21:6a:bd:77:58 -66 -63 -63 -62 -65 -67 -66 -62 -63 -66
c6:c6:c6:c6:c6:01 -47 -51 -51 -49 -54 -47 -50 -44 -49 -53
74:d0:2b:89:83:88 -65 -65 -65 -68 -65 -65 -65 -64 -64 -64
74:d0:2b:89:83:8c -68 -68 -68 -78 -69 -66 -64 -63 -65 -69
00:90:4c:60:00:2c -72 -61 -49 -56 -53 -50 -50 -50 -51 -47
c8:3a:35:16:2b:e8 -52 -52 -49 -47 -47 -47 -48 -48 -65 -52
c6:c6:c6:c6:c6:11 -52 -48 -47 -48 -48 -47 -50 -49 -49 -50
2e:d0:5a:6e:32:85 -76 -84 -80 -80 -83 -83 -83 -80 -82 -83
d0:c7:c0:71:74:54 -71 -76 -76 -76 -77 -79 -83 -83 -77 -77
6c:6c:6c:6c:6c:09 -58 -56 -58 -58 -58 -61 -61 -57 -56 -58
c6:c6:c6:c6:c6:13 -54 -54 -54 -54 -54 -58 -59 -59 -59 -59
28:2c:b2:16:39:fe -78 -82 -82 -82 -82 -82 -88 -88 -88 -88
00:25:86:84:8e:aa -84 -84 -80 -80 -80 -80 -80 -80 -80 -80
d0:c7:c0:71:74:92 -87 -83 -85 -84 -83 -83 -83 -81 -81 -81
00:21:6b:91:fb:2b -86 -86 -86 -86 -86 -86 -86
c6:c6:c6:c6:c6:14 -73 -73 -73 -73 -78 -78
c6:c6:c6:c6:c6:20 -65 -65 -65 -67 -67 -66 -66 -66 -66 -69
c6:c6:c6:c6:c6:05 -56 -50 -49 -49 -53 -53 -52 -52 -52 -52
c6:c6:c6:c6:c6:16 -76
00:36:76:3b:06:de -81 -81
00:90:4c:60:00:1c -87 -87 -86 -86 -86 -86 -86 -86 -86 -86
d0:c7:c0:71:5b:76 -62 -62 -62 -63 -63 -63 -62 -62 -68 -63
1c:fa:68:fe:c8:93 -78 -78 -77 -77 -77 -77 -77 -77 -77 -77
80:f6:2e:20:56:50 -79 -79 -79
80:f6:2e:20:8e:41 -96 -96 -96 -96
80:f6:2e:20:8e:40 -96 -96 -96 -96
80:f6:2e:20:57:21 -97 -97 -97 -97 -97 -97
80:f6:2e:20:57:20 -97 -97 -97 -97 -97 -97
80:f6:2e:20:55:31 -92 -92 -92 -92 -88 -88 -87 -87 -87
80:f6:2e:20:8e:51 -74 -74 -74 -74 -74 -74 -74 -74
84:1b:5e:f2:19:79 -75 -75 -75 -75 -75 -75 -75 -75
80:f6:2e:20:55:30 -88 -88 -90 -90 -90
80:f6:2e:20:88:c1 -99 -99 -99
00:1d:0f:77:c2:1c -83 -83
