d8:15:0d:9d:d1:be -48 -48 -48 -47 -47 -47 -48 -56 -49 -56
ec:88:8f:c7:07:e6 -62 -62 -62 -62 -62 -64 -64 -64 -64 -67
c6:c6:c6:c6:c6:06 -60 -60 -68 -68 -60 -65 -65 -61 -61 -66
00:21:6a:bd:77:58 -55 -58 -57 -56 -65 -66 -64 -68 -58 -55
c6:c6:c6:c6:c6:01 -51 -52 -51 -52 -53 -53 -47 -48 -56 -64
74:d0:2b:89:83:88 -63 -64 -67 -71 -66 -65 -65 -64 -65 -65
74:d0:2b:89:83:8c -75 -69 -72 -72 -70 -71 -72 -75 -76 -70
00:90:4c:60:00:2c -61 -58 -59 -63 -59 -59 -61 -60 -66 -62
c8:3a:35:16:2b:e8 -43 -50 -45 -73 -47 -42 -42 -42 -46 -42
c6:c6:c6:c6:c6:11 -48 -48 -50 -56 -52 -52 -56 -50 -48 -48
2e:d0:5a:6e:32:85 -79 -76 -76 -76 -81 -81 -81 -81 -79 -79
d0:c7:c0:71:74:54 -77 -77 -77 -73 -72 -72 -72 -72 -80 -78
6c:6c:6c:6c:6c:09 -69 -69 -69 -69 -69 -62 -62 -65 -65 -65
c6:c6:c6:c6:c6:13 -72 -72 -69 -69 -69 -65 -67 -71 -71 -74
28:2c:b2:16:39:fe -85 -85 -85 -85 -85 -85 -88 -88 -88 -84
d0:c7:c0:71:74:92 -90 -90 -90 -86 -86 -86 -86 -86 -90 -90
c6:c6:c6:c6:c6:20 -74 -67 -67 -67 -67 -68 -67 -67 -70 -70
c6:c6:c6:c6:c6:05 -51 -51 -51 -51 -51 -51 -51 -47 -47 -48
d0:c7:c0:71:5b:76 -67 -67 -67 -67 -72 -72 -66 -66 -66 -66
1c:fa:68:fe:c8:93 -80 -80 -80 -77 -77 -77 -77 -77
80:f6:2e:20:55:31 -90 -90 -90 -90 -90 -90
80:f6:2e:20:8e:51 -74 -67 -67 -67 -73 -73 -73 -73 -73 -73
80:f6:2e:20:8e:41 -97 -97 -99 -97 -98 -98 -98 -98 -98 -98
80:f6:2e:20:8e:40 -98 -98 -97 -97 -97 -97 -96 -96 -96 -96
c6:c6:c6:c6:c6:16 -81 -73 -73 -78 -78 -78 -78 -78 -78 -78
80:f6:2e:20:57:21 -96 -96 -96 -96 -96 -96 -95 -95 -95 -95
84:1b:5e:f2:19:78 -96 -96 -96 -96 -96
80:f6:2e:20:57:20 -94 -94 -94 -94 -94 -94 -95 -95 -95 -95
80:f6:2e:20:8e:50 -74 -74 -74 -74 -74 -74 -74 -74
84:1b:5e:f2:19:79 -74 -70 -70 -70 -70 -70 -70 -70 -70
c6:c6:c6:c6:c6:14 -74 -74 -74 -74 -74 -83 -83 -83 -83
00:21:6b:91:fb:2b -87 -87 -87 -87 -87 -90 -90 -89
80:f6:2e:20:55:30 -90 -90 -90 -90 -90 -90 -90 -90
80:f6:2e:20:88:c0 -99 -99 -99 -99 -99 -99 -99 -99
00:36:76:3b:06:de -80 -80 -80 -80 -80 -80 -80
80:f6:2e:20:58:d1 -77 -77 -77 -77 -77 -77
00:1d:0f:77:c2:1c -84 -84 -84 -84 -84
00:90:4c:60:00:1c -88 -88 -88 -88
00:25:86:84:8e:aa -84
80:f6:2e:20:88:c1 -96
