d8:15:0d:9d:d1:be -52 -57 -56 -52 -56 -57 -51 -50 -48 -47
ec:88:8f:c7:07:e6 -64 -64 -64 -64 -64 -64 -64 -64 -64 -64
c6:c6:c6:c6:c6:06 -52 -61 -57 -63 -63 -56 -60 -58 -58 -60
00:21:6a:bd:77:58 -66 -66 -69 -70 -67 -64 -62 -66 -61 -59
c6:c6:c6:c6:c6:01 -53 -49 -45 -56 -47 -58 -54 -57 -57 -53
74:d0:2b:89:83:88 -62 -59 -57 -57 -57 -56 -61 -59 -60 -59
74:d0:2b:89:83:8c -70 -77 -69 -70 -68 -72 -68 -68 -68 -67
00:90:4c:60:00:2c -54 -53 -53 -57 -53 -49 -51 -48 -47 -50
c8:3a:35:16:2b:e8 -51 -46 -78 -62 -48 -52 -45 -79 -53 -45
d0:c7:c0:71:5b:76 -61 -61 -65 -65 -65 -65 -63 -63 -61 -62
c6:c6:c6:c6:c6:11 -60 -56 -56 -56 -56 -56 -56 -54 -54 -58
c6:c6:c6:c6:c6:05 -59 -59 -56 -56 -54 -54 -54 -54 -56 -56
6c:6c:6c:6c:6c:09 -65 -55 -51 -51 -51 -50 -52 -52 -52 -52
2e:d0:5a:6e:32:85 -81 -77 -75 -79 -82 -80 -80 -83 -79 -78
d0:c7:c0:71:74:54 -66 -70 -70 -70 -70 -70 -72 -72 -72 -72
28:2c:b2:16:39:fe -78 -75 -75 -75 -75 -75 -75 -76 -75 -74
00:21:6b:91:fb:2b -84 -84 -84 -84 -84 -84
80:f6:2e:20:58:d1 -72 -72 -72 -72 -72 -72 -72
c6:c6:c6:c6:c6:13 -54 -54 -54 -54 -62 -62 -51 -51 -51 -53
00:90:4c:60:00:1c -85 -79 -82 -83 -83 -83 -80 -80 -79 -79
d0:c7:c0:71:74:92 -85 -81 -81 -81 -81 -85 -89 -89 -89 -89
00:36:76:3b:06:de -82 -82 -82 -82 -82 -82 -82
c6:c6:c6:c6:c6:14 -73 -73 -73 -73 -73 -73 -73 -77 -75 -75
c6:c6:c6:c6:c6:20 -68 -68 -68 -65 -65 -65 -65 -66 -66 -66
1c:fa:68:fe:c8:93 -80 -78 -78 -78 -78 -78 -78 -78 -78 -78
00:25:86:84:8e:aa -81 -81 -79 -85 -84 -84 -84 -84 -84 -84
80:f6:2e:20:55:31 -94 -94 -94 -94 -94 -94
80:f6:2e:20:58:d0 -70 -70 -70 -70 -70 -70 -70
d8:15:0d:d4:56:08 -93 -93 -93 -93 -93 -93 -93 -93
80:f6:2e:20:9a:51 -84 -84 -84 -84 -84 -84 -84
c6:c6:c6:c6:c6:16 -74 -74 -74
00:1d:0f:77:c2:1c -84 -84
