d8:15:0d:9d:d1:be -55 -53 -57 -56 -60 -55 -53 -53 -53 -53
ec:88:8f:c7:07:e6 -61 -61 -61 -62 -62 -62 -62 -62 -62 -62
c6:c6:c6:c6:c6:06 -67 -67 -63 -65 -69 -63 -60 -69 -61 -64
00:21:6a:bd:77:58 -73 -68 -65 -71 -66 -68 -73 -67 -72 -73
c6:c6:c6:c6:c6:01 -54 -57 -50 -47 -53 -48 -45 -48 -49 -53
74:d0:2b:89:83:88 -55 -55 -55 -55 -55 -52 -54 -55 -54 -54
74:d0:2b:89:83:8c -64 -69 -69 -66 -66 -67 -67 -67 -73 -68
00:90:4c:60:00:2c -49 -50 -51 -51 -52 -52 -52 -56 -54 -55
c8:3a:35:16:2b:e8 -51 -51 -51 -51 -51 -49 -48 -48 -47 -47
d0:c7:c0:71:5b:76 -65 -61 -63 -63 -64 -65 -66 -66 -66 -62
28:2c:b2:16:39:fe -77 -75 -75 -75 -75 -73 -75 -75 -76 -76
2e:d0:5a:6e:32:85 -69 -70 -70 -69 -69 -69 -69 -69 -69 -69
c6:c6:c6:c6:c6:11 -52 -51 -53 -52 -52 -52 -51 -51 -56 -52
c6:c6:c6:c6:c6:05 -59 -57 -57 -57 -57 -58 -58 -58 -58 -58
c6:c6:c6:c6:c6:13 -57 -57 -57 -61 -61 -61 -59 -59 -59 -59
d0:c7:c0:71:74:54 -71 -71 -71 -71 -69 -70 -70 -70 -70 -71
d0:c7:c0:71:74:92 -83 -82 -82 -83 -84 -84 -84 -84 -84 -84
00:25:86:84:8e:aa -78 -78 -78 -78 -81 -81 -81 -81 -81 -81
6c:6c:6c:6c:6c:09 -48 -47 -46 -45 -45 -45 -49 -45 -45 -46
c6:c6:c6:c6:c6:20 -68 -68 -68 -68 -70 -70 -70 -69 -69 -69
c6:c6:c6:c6:c6:14 -80 -80 -80 -80 -80 -80 -80
c6:c6:c6:c6:c6:16 -74 -74 -74 -74 -80 -80 -80 -80 -80 -80
84:1b:5e:f2:19:78 -96 -96
80:f6:2e:20:58:d0 -87 -87
00:21:6b:91:fb:2b -91 -91 -91 -91 -91 -91 -87 -87 -87 -87
84:1b:5e:f2:19:79 -75 -75 -75 -75 -75
9c:21:6a:9a:55:88 -79 -79 -79 -79 -79
00:1d:0f:77:c2:1c -84 -84 -84 -84 -84 -84
80:f6:2e:20:8e:51 -87 -87 -87 -87 -87 -87
d8:15:0d:d4:56:08 -93 -93 -93 -93 -93 -93 -93 -93
80:f6:2e:20:55:30 -92 -92 -92 -92 -92 -92 -92
00:36:76:3b:06:de -76 -76 -76 -76 -76 -80
1c:fa:68:fe:c8:93 -78 -78 -78 -78 -78 -80
00:90:4c:60:00:1c -80
80:f6:2e:20:9a:51 -92
