d8:15:0d:9d:d1:be -49 -48 -47 -47 -45 -44 -44 -43 -43 -43
ec:88:8f:c7:07:e6 -56 -59 -59 -59 -59 -59 -58 -58 -58 -58
c6:c6:c6:c6:c6:06 -66 -58 -65 -59 -59 -63 -64 -65 -65 -60
00:21:6a:bd:77:58 -66 -54 -58 -58 -62 -59 -59 -53 -52 -57
c6:c6:c6:c6:c6:01 -56 -59 -55 -55 -55 -55 -55 -55 -56 -55
74:d0:2b:89:83:88 -67 -71 -71 -69 -69 -68 -65 -64 -64 -64
74:d0:2b:89:83:8c -67 -67 -71 -68 -68 -69 -69 -69 -69 -69
00:90:4c:60:00:2c -59 -59 -51 -55 -53 -53 -54 -59 -51 -55
c8:3a:35:16:2b:e8 -54 -49 -52 -52 -50 -49 -47 -48 -48 -48
c6:c6:c6:c6:c6:11 -53 -53 -57 -53 -54 -55 -58 -56 -56 -56
2e:d0:5a:6e:32:85 -82 -78 -78 -78 -78 -78 -78 -78 -78 -78
c6:c6:c6:c6:c6:20 -65 -65 -65 -65 -65 -68 -68 -68 -67 -66
c6:c6:c6:c6:c6:05 -42 -42 -42 -42 -41 -41 -41 -41 -41 -41
d0:c7:c0:71:5b:76 -67 -59 -63 -63 -63 -65 -65 -65 -65 -65
6c:6c:6c:6c:6c:09 -63 -67 -67 -69 -70 -70 -70 -70 -75 -75
c6:c6:c6:c6:c6:13 -69 -69 -69 -69 -63 -63 -62 -62 -62 -62
d0:c7:c0:71:74:54 -68 -68 -71 -71 -72 -74 -75 -75 -75 -75
00:21:6b:91:fb:2b -80 -80 -80 -80 -83 -83 -83 -83
80:f6:2e:20:55:31 -90 -87 -89 -89 -89 -89 -89 -89 -89
d0:c7:c0:71:74:92 -83 -83 -83 -83 -83 -92 -92 -92 -92
80:f6:2e:20:55:30 -89 -86 -86 -86 -86 -86 -86 -86
28:2c:b2:16:39:fe -84 -83 -83 -83 -83 -82 -82 -85 -84 -84
1c:fa:68:fe:c8:93 -75 -75 -81 -81 -81 -81 -81 -81 -81 -82
00:90:4c:60:00:1c -81 -81 -86 -86 -84 -84 -84 -84 -84 -84
84:1b:5e:f2:19:78 -96 -96 -96 -96 -96 -96 -96
80:f6:2e:20:57:21 -96 -96 -95 -95 -95 -95
80:f6:2e:20:8e:41 -97 -97 -97 -97 -97 -97 -97 -97
80:f6:2e:20:57:20 -94 -94 -93 -93 -92 -92
d8:15:0d:d4:56:08 -87 -87 -87
80:f6:2e:20:55:21 -96 -96 -96 -98 -98 -98 -98
d8:15:0d:2d:bb:4e -86 -86 -86
80:f6:2e:20:55:20 -94 -94 -94
80:f6:2e:20:8e:40 -96 -96 -96 -98 -98 -98 -98 -98 -98
80:f6:2e:20:58:d1 -74 -74 -74 -74 -73 -73
c6:c6:c6:c6:c6:14 -76 -78 -78 -78 -78 -78 -78 -78 -78 -78
00:25:86:84:8e:aa -83 -83 -83 -83 -83 -83 -82 -82
84:1b:5e:f2:19:79 -64 -64 -64 -64 -64 -72 -72 -72 -72
a4:99:47:e7:72:c4 -86 -86 -87 -87 -87 -87 -89 -89 -89
00:1d:0f:77:c2:1c -87 -87 -87 -87 -87 -87 -87
0c:72:2c:7d:27:68 -92 -91 -91 -91 -91 -91 -91
80:f6:2e:20:9a:51 -87 -87 -87 -86
00:36:76:3b:06:de -82 -82 -82
