d8:15:0d:9d:d1:be -56 -53 -53 -53 -52 -52 -52 -52 -50 -50
ec:88:8f:c7:07:e6 -60 -60 -63 -63 -63 -63 -63 -66 -66 -66
c6:c6:c6:c6:c6:06 -64 -62 -60 -61 -62 -62 -60 -60 -58 -61
00:21:6a:bd:77:58 -70 -66 -67 -69 -68 -66 -66 -66 -74 -66
c6:c6:c6:c6:c6:01 -61 -59 -57 -60 -60 -54 -57 -56 -59 -58
74:d0:2b:89:83:88 -49 -54 -58 -57 -58 -58 -57 -57 -58 -58
74:d0:2b:89:83:8c -65 -61 -60 -60 -59 -59 -59 -59 -59 -59
00:90:4c:60:00:2c -61 -60 -61 -58 -57 -55 -63 -63 -63 -55
c8:3a:35:16:2b:e8 -56 -60 -60 -59 -56 -56 -56 -56 -55 -54
d0:c7:c0:71:5b:76 -61 -61 -61 -62 -61 -62 -61 -57 -59 -58
28:2c:b2:16:39:fe -86 -79 -82 -77 -76 -76 -72 -75 -75 -75
2e:d0:5a:6e:32:85 -74 -75 -76 -78 -80 -81 -77 -77 -77 -75
c6:c6:c6:c6:c6:11 -59 -56 -58 -58 -60 -62 -62 -62 -62 -58
c6:c6:c6:c6:c6:05 -57 -56 -54 -54 -54 -54 -54 -54 -54 -54
c6:c6:c6:c6:c6:13 -53 -53 -53 -53 -53 -53 -53 -53 -53 -53
d0:c7:c0:71:74:54 -75 -73 -77 -74 -72 -72 -71 -71 -71 -72
d0:c7:c0:71:74:92 -83 -83 -83 -86 -85 -85 -85 -85 -85 -83
6c:6c:6c:6c:6c:09 -46 -50 -54 -54 -54 -53 -53 -53 -55 -58
c6:c6:c6:c6:c6:20 -72 -72 -71 -71 -71 -71 -71 -71 -71 -71
84:1b:5e:f2:19:79 -76 -75 -75 -75 -75 -75 -75 -75 -77
c6:c6:c6:c6:c6:16 -72 -72 -72 -72 -72 -75
80:f6:2e:20:8e:51 -79 -79 -79 -79 -79
80:f6:2e:20:8e:50 -80 -80 -80 -80 -80 -80
00:21:6b:91:fb:2b -87 -87 -85 -85 -85 -85 -85 -85 -85 -86
c6:c6:c6:c6:c6:14 -77 -75 -75 -75 -76 -76 -76 -76 -76
00:25:86:84:8e:aa -78 -78 -78 -78 -78 -78 -78 -78
00:90:4c:60:00:1c -84 -84 -87 -82 -82 -82 -82 -81 -81
