d8:15:0d:9d:d1:be -55 -55 -55 -56 -56 -57 -57 -57 -57 -56
ec:88:8f:c7:07:e6 -66 -66 -66 -66 -66 -66 -66 -66 -66 -65
c6:c6:c6:c6:c6:06 -68 -65 -61 -61 -61 -61 -67 -67 -66 -66
00:21:6a:bd:77:58 -59 -61 -61 -59 -60 -62 -59 -59 -61 -62
c6:c6:c6:c6:c6:01 -57 -52 -57 -57 -51 -59 -57 -50 -49 -49
74:d0:2b:89:83:88 -61 -64 -64 -64 -64 -64 -64 -64 -64 -64
74:d0:2b:89:83:8c -62 -65 -65 -64 -63 -63 -63 -63 -63 -63
00:90:4c:60:00:2c -56 -55 -57 -56 -55 -55 -51 -49 -48 -62
c8:3a:35:16:2b:e8 -48 -56 -51 -50 -57 -58 -58 -58 -50 -50
d0:c7:c0:71:5b:76 -62 -61 -61 -61 -58 -58 -59 -56 -60 -62
c6:c6:c6:c6:c6:11 -51 -49 -51 -48 -48 -48 -48 -48 -48 -54
c6:c6:c6:c6:c6:05 -59 -55 -55 -55 -56 -55 -55 -55 -54 -54
6c:6c:6c:6c:6c:09 -51 -56 -52 -52 -55 -53 -53 -53 -53 -53
c6:c6:c6:c6:c6:20 -71 -67 -67 -67 -65 -65 -65 -65 -65 -65
2e:d0:5a:6e:32:85 -77 -78 -79 -79 -80 -80 -80 -80 -79 -79
d0:c7:c0:71:74:54 -70 -70 -68 -71 -71 -73 -73 -73 -73 -73
28:2c:b2:16:39:fe -77 -77 -77 -77 -78 -78 -78 -78 -77 -77
00:21:6b:91:fb:2b -83 -83 -87 -87 -86 -85 -85 -86 -86 -86
c6:c6:c6:c6:c6:14 -74
c6:c6:c6:c6:c6:16 -71 -79 -79 -79 -79 -79
80:f6:2e:20:58:d1 -74 -76 -76 -76 -76 -76 -76 -75 -75 -72
1c:fa:68:fe:c8:93 -78 -82 -82 -83 -83 -83 -83 -83 -83 -83
c6:c6:c6:c6:c6:13 -54 -54 -54 -60 -60 -60 -60 -60 -59 -59
00:90:4c:60:00:1c -85 -85 -85 -84 -84 -84 -84 -84 -84 -84
d0:c7:c0:71:74:92 -87 -87 -87 -87 -87 -87 -88 -88 -88 -88
00:36:76:3b:06:de -90 -90 -75 -76 -75 -75
9c:21:6a:9a:55:88 -73 -73 -73
00:1d:0f:77:c2:1c -83 -83 -83 -83 -83 -86 -86 -86 -86 -86
84:1b:5e:f2:19:79 -79 -79 -79 -79 -79 -79 -79
80:f6:2e:20:58:d0 -75 -75 -75
