d8:15:0d:9d:d1:be -44 -37 -37 -37 -37 -41 -38 -38 -40 -40
ec:88:8f:c7:07:e6 -59 -59 -59 -59 -59 -59 -59 -59 -58 -58
c6:c6:c6:c6:c6:06 -60 -64 -63 -63 -61 -61 -60 -64 -65 -64
00:21:6a:bd:77:58 -63 -63 -59 -63 -64 -65 -69 -62 -62 -61
c6:c6:c6:c6:c6:01 -40 -44 -48 -44 -40 -42 -36 -40 -36 -40
74:d0:2b:89:83:88 -73 -68 -65 -65 -65 -65 -70 -70 -72 -72
74:d0:2b:89:83:8c -75 -73 -73 -69 -70 -70 -76 -77 -77 -77
00:90:4c:60:00:2c -60 -59 -60 -60 -60 -58 -58 -60 -60 -60
c8:3a:35:16:2b:e8 -43 -43 -43 -45 -42 -43 -43 -43 -47 -44
c6:c6:c6:c6:c6:11 -52 -47 -45 -45 -55 -55 -55 -51 -51 -51
c6:c6:c6:c6:c6:20 -70 -70 -69 -69 -70 -66 -66 -65 -65 -66
c6:c6:c6:c6:c6:05 -50 -50 -50 -50 -50 -50 -51 -51 -51 -49
c6:c6:c6:c6:c6:13 -64 -60 -64 -63 -70 -66 -64 -66 -68 -68
d0:c7:c0:71:5b:76 -75 -75 -71 -71 -66 -66 -66 -66 -66 -66
80:f6:2e:20:57:21 -98 -98 -98 -98 -98 -98 -98 -98
80:f6:2e:20:57:20 -95 -95 -95
d0:c7:c0:71:74:92 -87 -91 -91 -89 -89 -89 -89 -87 -87 -87
28:2c:b2:16:39:fe -83 -83 -83 -87 -84 -84 -84 -82 -83 -85
6c:6c:6c:6c:6c:09 -63 -63 -63 -63 -61 -62 -64 -64 -67 -70
d0:c7:c0:71:74:54 -74 -74 -70 -74 -70 -69 -76 -75 -75 -76
2e:d0:5a:6e:32:85 -75 -73 -72 -74 -84 -82 -75 -75 -75 -73
c6:c6:c6:c6:c6:16 -77 -77 -77 -77 -77 -77 -77
80:f6:2e:20:8e:41 -98 -98 -98 -98 -98
80:f6:2e:20:8e:40 -97 -97 -97 -97 -97
80:f6:2e:20:56:41 -96 -96 -96 -96 -96
80:f6:2e:20:56:40 -95 -95 -95 -95 -95
84:1b:5e:f2:19:79 -79 -79 -74 -74 -74 -74 -74 -74 -74 -74
80:f6:2e:20:55:31 -90 -90 -90 -90 -90 -90 -90
9c:d6:43:4e:e9:50 -89 -89 -89 -89 -89 -89 -89 -89
80:f6:2e:20:55:30 -89 -92 -92 -92 -92 -92 -92
c6:c6:c6:c6:c6:14 -76 -76 -76 -76 -76 -76
0c:72:2c:7d:27:68 -88 -88 -88 -88 -88
