d8:15:0d:9d:d1:be -56 -47 -48 -56 -51 -48 -44 -44 -44 -45
ec:88:8f:c7:07:e6 -56 -56 -56 -56 -62 -62 -62 -62 -62 -62
c6:c6:c6:c6:c6:06 -61 -61 -61 -64 -61 -61 -65 -60 -59 -63
00:21:6a:bd:77:58 -60 -60 -62 -62 -62 -62 -64 -59 -63 -59
c6:c6:c6:c6:c6:01 -47 -43 -49 -43 -43 -51 -51 -50 -49 -49
74:d0:2b:89:83:88 -69 -63 -65 -67 -67 -64 -63 -62 -62 -62
74:d0:2b:89:83:8c -68 -66 -66 -70 -71 -68 -75 -70 -69 -68
00:90:4c:60:00:2c -54 -54 -61 -57 -57 -57 -53 -52 -52 -52
c8:3a:35:16:2b:e8 -46 -59 -47 -47 -51 -44 -78 -51 -56 -56
c6:c6:c6:c6:c6:11 -55 -53 -52 -50 -49 -48 -56 -55 -56 -52
c6:c6:c6:c6:c6:20 -70 -70 -67 -65 -65 -65 -64 -64 -64 -59
c6:c6:c6:c6:c6:05 -51 -49 -56 -56 -52 -49 -52 -52 -52 -52
c6:c6:c6:c6:c6:13 -63 -63 -63 -63 -57 -57 -57 -57 -57 -57
d0:c7:c0:71:5b:76 -61 -61 -60 -66 -66 -61 -61 -60 -58 -58
d0:c7:c0:71:74:92 -89 -89 -86 -84 -84 -82 -82 -82 -82 -89
28:2c:b2:16:39:fe -82 -78 -78 -78 -78 -80 -80 -80 -80 -80
6c:6c:6c:6c:6c:09 -60 -60 -60 -64 -64 -65 -59 -59 -60 -60
d0:c7:c0:71:74:54 -78 -74 -74 -74 -74 -74 -74 -71 -72 -72
2e:d0:5a:6e:32:85 -75 -78 -82 -80 -80 -79 -77 -72 -73 -73
80:f6:2e:20:57:21 -96 -96 -96 -96 -96
80:f6:2e:20:57:20 -94 -94 -94 -94 -94
00:90:4c:60:00:1c -81 -81 -81 -81 -81 -81
1c:fa:68:fe:c8:93 -80 -80 -77 -77 -77 -80 -80 -80 -80 -80
00:21:6b:91:fb:2b -87 -87 -87 -87 -87 -87 -89 -85 -85 -84
00:36:76:3b:06:de -85 -85 -85
80:f6:2e:20:55:21 -98 -98 -98
80:f6:2e:20:8e:51 -77 -77 -77 -77 -77
84:1b:5e:f2:19:79 -81 -81 -81 -81 -81
c6:c6:c6:c6:c6:14 -76 -76 -76 -76 -76 -76 -76 -76
9c:21:6a:f4:cf:79 -85 -85 -83 -83 -83 -83 -83 -83 -83
00:25:86:84:8e:aa -81 -81 -81 -81 -81 -81 -81 -81
84:1b:5e:f2:19:78 -98 -98 -98 -98
9c:21:6a:9a:55:88 -78 -78 -78
