d8:15:0d:9d:d1:be -47 -43 -41 -54 -50 -42 -42 -48 -47 -48
ec:88:8f:c7:07:e6 -56 -56 -56 -60 -60 -60 -60 -57 -57 -57
c6:c6:c6:c6:c6:06 -63 -55 -59 -63 -63 -61 -63 -62 -61 -57
00:21:6a:bd:77:58 -63 -63 -75 -67 -65 -65 -62 -64 -67 -62
c6:c6:c6:c6:c6:01 -50 -58 -59 -55 -55 -56 -56 -52 -52 -53
74:d0:2b:89:83:88 -76 -73 -65 -66 -70 -67 -67 -70 -69 -69
74:d0:2b:89:83:8c -68 -68 -72 -78 -68 -72 -72 -71 -67 -67
00:90:4c:60:00:2c -52 -53 -54 -55 -71 -59 -61 -56 -55 -53
c8:3a:35:16:2b:e8 -37 -71 -42 -36 -32 -34 -33 -41 -34 -53
c6:c6:c6:c6:c6:11 -51 -51 -51 -51 -51 -53 -54 -54 -55 -51
2e:d0:5a:6e:32:85 -78 -78 -79 -79 -79 -83 -82 -83 -84 -86
c6:c6:c6:c6:c6:20 -60 -64 -69 -69 -69 -69 -67 -67 -67 -67
c6:c6:c6:c6:c6:05 -46 -52 -48 -46 -46 -55 -47 -47 -50 -54
d0:c7:c0:71:5b:76 -68 -71 -69 -64 -69 -69 -69 -71 -70 -66
6c:6c:6c:6c:6c:09 -65 -65 -65 -65 -65 -67 -67 -67 -67 -67
c6:c6:c6:c6:c6:13 -67 -67 -67 -67 -67 -67 -76 -70 -70 -70
d0:c7:c0:71:74:54 -70 -70 -67 -67 -67 -69 -68 -68 -68 -68
28:2c:b2:16:39:fe -82 -82 -82 -82 -80 -85 -85 -85 -85 -85
1c:fa:68:fe:c8:93 -81 -81 -78 -78 -78 -78 -78 -78 -78 -82
00:90:4c:60:00:1c -82 -82 -82 -82 -82 -83 -81 -81 -81 -81
80:f6:2e:20:8e:41 -98 -98 -98 -98 -98 -98
80:f6:2e:20:8e:40 -96 -96 -96 -96 -96 -96
00:21:6b:91:fb:2b -86 -86 -86 -86 -84 -84 -84 -84 -84 -84
d0:c7:c0:71:74:92 -86 -82 -87 -87 -87 -86 -86 -87 -87 -87
80:f6:2e:20:55:21 -96 -96 -98 -98 -98 -98 -98 -98 -98
80:f6:2e:20:55:20 -95 -95 -94 -94 -94 -94 -94 -94 -94
80:f6:2e:20:55:31 -89 -89 -90 -90 -90 -90
80:f6:2e:20:55:30 -90 -90 -90 -90 -90 -90 -90 -90 -90 -90
00:1d:0f:77:c2:1c -84 -84
84:1b:5e:f2:19:78 -96 -96 -96 -96 -96 -96 -96 -96 -96
0c:72:2c:7d:27:68 -92 -92 -92
c6:c6:c6:c6:c6:14 -75 -75 -73 -73 -73 -74 -70 -70 -70 -70
84:1b:5e:f2:19:79 -77 -77 -77 -77 -77 -73 -73 -73 -73 -73
00:25:86:84:8e:aa -88 -88 -88 -88 -88 -88 -88 -88 -88 -88
80:f6:2e:20:88:c1 -94 -94 -94 -94 -94
80:f6:2e:20:57:21 -95 -98 -98 -98 -98
80:f6:2e:20:56:41 -97 -98 -98 -98 -98
80:f6:2e:20:88:c0 -95 -95 -95 -95 -95
80:f6:2e:20:56:40 -96 -97 -97 -97 -97
80:f6:2e:20:57:20 -96 -96 -96 -96 -96
80:f6:2e:20:58:d1 -68 -68 -68 -68
00:36:76:3b:06:de -79 -79 -79 -79
c8:3a:35:2f:e1:b8 -81 -81 -81 -81
80:f6:2e:20:9a:51 -89 -89 -89
80:f6:2e:20:9a:50 -86 -86 -86
