d8:15:0d:9d:d1:be -39 -43 -44 -55 -46 -50 -50 -49 -48 -56
ec:88:8f:c7:07:e6 -58 -58 -58 -58 -59 -59 -59 -59 -59 -58
c6:c6:c6:c6:c6:06 -57 -59 -60 -61 -57 -65 -61 -59 -58 -61
00:21:6a:bd:77:58 -60 -60 -61 -57 -54 -58 -56 -68 -58 -57
c6:c6:c6:c6:c6:01 -53 -50 -62 -62 -54 -58 -57 -57 -58 -55
74:d0:2b:89:83:88 -67 -70 -70 -70 -69 -69 -70 -71 -71 -71
74:d0:2b:89:83:8c -72 -76 -77 -76 -73 -69 -68 -68 -68 -67
00:90:4c:60:00:2c -54 -55 -54 -53 -53 -57 -58 -51 -51 -51
c8:3a:35:16:2b:e8 -39 -35 -35 -37 -38 -57 -39 -39 -38 -38
c6:c6:c6:c6:c6:11 -56 -53 -53 -55 -52 -56 -51 -52 -53 -53
2e:d0:5a:6e:32:85 -79 -79 -82 -82 -82 -83 -83 -84 -84 -84
c6:c6:c6:c6:c6:20 -67 -67 -67 -65 -65 -65 -65 -65 -63 -63
c6:c6:c6:c6:c6:05 -50 -54 -54 -54 -48 -48 -48 -48 -48 -48
d0:c7:c0:71:5b:76 -72 -72 -72 -72 -72 -72 -72 -69
6c:6c:6c:6c:6c:09 -69 -69 -69 -63 -65 -65 -65 -68 -68 -68
c6:c6:c6:c6:c6:13 -66 -66 -67 -69 -69 -69 -69 -69 -68 -64
d0:c7:c0:71:74:54 -75 -75 -75 -75 -75 -83 -83 -83
28:2c:b2:16:39:fe -85 -85 -83 -81 -81 -81 -81 -81 -81 -81
1c:fa:68:fe:c8:93 -80 -80 -79 -80 -80 -80 -79 -78 -78 -78
00:90:4c:60:00:1c -84 -84 -84 -84 -84 -84 -84 -81 -81 -81
d0:c7:c0:71:74:92 -87
84:1b:5e:f2:19:79 -72
80:f6:2e:20:57:21 -96 -96 -96 -96 -96 -96 -96 -96 -96 -96
80:f6:2e:20:56:41 -94 -94 -94 -94 -94 -94
80:f6:2e:20:56:40 -93 -93 -93 -93 -93 -93 -96 -96 -96 -96
80:f6:2e:20:57:20 -93 -93 -93 -93 -93 -96 -95 -95 -95 -95
0c:72:2c:7d:27:68 -89 -89 -89
80:f6:2e:20:55:21 -97 -97 -97
80:f6:2e:20:58:d0 -75 -75 -75
80:f6:2e:20:55:20 -95 -95 -95 -95 -95 -95
c6:c6:c6:c6:c6:14 -74 -81 -81 -77 -74 -74 -74 -74 -76
80:f6:2e:20:55:31 -91 -91 -91 -91 -91 -91 -91 -91
80:f6:2e:20:55:30 -85 -85 -85
