d8:15:0d:9d:d1:be -57 -41 -38 -36 -36 -38 -38 -38 -38 -38
ec:88:8f:c7:07:e6 -62 -62 -62 -62 -63 -63 -63 -63 -63 -62
c6:c6:c6:c6:c6:06 -59 -59 -54 -58 -57 -53 -57 -63 -55 -53
00:21:6a:bd:77:58 -59 -63 -63 -62 -69 -69 -65 -65 -64 -63
c6:c6:c6:c6:c6:01 -49 -44 -46 -49 -53 -58 -51 -44 -50 -46
74:d0:2b:89:83:88 -75 -77 -69 -67 -67 -66 -66 -66 -65 -65
74:d0:2b:89:83:8c -68 -73 -68 -73 -67 -67 -67 -66 -67 -67
00:90:4c:60:00:2c -49 -45 -46 -51 -51 -49 -49 -50 -50 -55
c8:3a:35:16:2b:e8 -45 -72 -47 -39 -39 -37 -37 -41 -45 -38
c6:c6:c6:c6:c6:11 -54 -54 -49 -49 -49 -51 -51 -51 -51 -51
2e:d0:5a:6e:32:85 -82 -82 -82 -82
c6:c6:c6:c6:c6:20 -66 -70 -70 -70 -66 -66 -66 -66 -64 -64
c6:c6:c6:c6:c6:05 -52 -53 -53 -53 -54 -57 -57 -57 -57 -57
6c:6c:6c:6c:6c:09 -64 -69 -69 -69 -69 -69 -69 -69 -69
c6:c6:c6:c6:c6:13 -73 -73 -67 -62 -61 -61 -65 -65 -69 -69
1c:fa:68:fe:c8:93 -78 -78 -78 -78 -73 -73 -73 -73
00:90:4c:60:00:1c -77 -77 -77 -77 -77 -77 -77
c6:c6:c6:c6:c6:14 -77 -77 -77 -77 -77 -77 -77 -78
d0:c7:c0:71:74:92 -89 -89 -89 -89 -89
80:f6:2e:20:57:21 -97 -97 -97 -97 -97 -97
80:f6:2e:20:56:41 -95
80:f6:2e:20:56:40 -94
80:f6:2e:20:57:20 -96 -96 -96 -96 -96 -96
80:f6:2e:20:88:c0 -97
80:f6:2e:20:5a:b1 -86 -86 -86 -86
28:2c:b2:16:39:fe -88 -88 -88 -88
00:21:6b:91:fb:2b -88 -88 -88 -88
80:f6:2e:20:5a:b0 -86 -86 -86 -86
d0:c7:c0:71:5b:76 -60 -62 -61 -61 -63 -63 -64 -64 -64 -64
80:f6:2e:20:8e:41 -98 -98 -98 -98 -98 -98 -98
80:f6:2e:20:8e:40 -97 -97 -97 -97 -97 -97 -97
00:25:86:84:8e:aa -81 -81 -81 -81 -81 -81 -79 -79
