d8:15:0d:9d:d1:be -44 -44 -55 -46 -43 -55 -57 -47 -45 -45
ec:88:8f:c7:07:e6 -64 -63 -63 -63 -63 -60 -60 -60 -60 -62
c6:c6:c6:c6:c6:06 -60 -56 -57 -58 -58 -58 -63 -63 -65 -63
00:21:6a:bd:77:58 -62 -62 -60 -60 -58 -61 -63 -62 -65 -65
c6:c6:c6:c6:c6:01 -56 -60 -59 -58 -56 -61 -57 -61 -61 -61
74:d0:2b:89:83:88 -68 -70 -70 -74 -72 -75 -74 -72 -72 -75
74:d0:2b:89:83:8c -68 -67 -67 -75 -71 -70 -70 -70 -69 -68
00:90:4c:60:00:2c -57 -56 -56 -58 -56 -56 -52 -56 -52 -56
c8:3a:35:16:2b:e8 -47 -80 -51 -47 -43 -42 -46 -42 -77 -49
c6:c6:c6:c6:c6:11 -57 -56 -56 -60 -57 -59 -59 -59 -60 -56
c6:c6:c6:c6:c6:05 -44 -44 -46 -44 -44 -43 -43 -42 -42 -42
28:2c:b2:16:39:fe -81 -81 -81 -81 -85 -85 -85 -85 -85 -87
6c:6c:6c:6c:6c:09 -66 -66 -66 -65 -65 -69 -69 -73 -73 -73
d0:c7:c0:71:74:54 -81 -81 -81 -76 -76 -76 -77 -77 -77 -77
2e:d0:5a:6e:32:85 -76 -76 -80 -76 -74 -74 -73 -73 -73 -73
c6:c6:c6:c6:c6:13 -68 -68 -68 -68 -68 -68 -68 -74 -74 -74
c6:c6:c6:c6:c6:14 -77 -77 -77 -77 -77 -77 -77 -78 -80 -80
00:36:76:3b:06:de -76 -76 -78 -78 -78 -78 -78
2e:26:c5:8e:ed:ce -86 -87 -87 -87 -87 -87 -87 -85 -85 -85
c6:c6:c6:c6:c6:20 -66 -66 -66 -66 -66 -66 -66 -66 -66 -66
d0:c7:c0:71:74:92 -83 -83 -83 -83 -83 -83
d0:c7:c0:71:5b:76 -67 -70 -70 -67 -65 -61 -62 -64 -62 -64
80:f6:2e:20:55:31 -86 -86 -86 -86 -87 -87 -87 -87 -87 -87
80:f6:2e:20:55:30 -88 -88 -88 -88 -88 -88 -88 -85 -85 -86
80:f6:2e:20:58:d1 -72
00:90:4c:60:00:1c -79 -79 -79 -79 -79
9c:21:6a:f4:cf:79 -78 -73 -73 -73 -73 -73 -73 -73
1c:fa:68:fe:c8:93 -77 -77 -78 -78 -78 -78 -78 -78 -78 -78
84:1b:5e:f2:19:79 -73 -73 -73 -73 -73
80:f6:2e:20:57:21 -91 -94 -92 -91 -91 -91 -91 -91 -91 -91
80:f6:2e:20:57:20 -90 -91 -91 -90 -90 -90 -90 -89 -89 -89
00:21:6b:91:fb:2b -84 -84 -87 -86 -83 -83 -81 -81 -81 -81
80:f6:2e:20:8e:41 -98 -98 -98 -98 -99 -99 -99 -99 -99 -99
80:f6:2e:20:8e:40 -95 -95 -95 -95 -97 -96 -96 -96 -95 -95
80:f6:2e:20:8e:51 -73 -73 -73 -73 -73 -73 -73
84:1b:5e:f2:19:78 -95 -94 -94 -94 -90 -90 -90 -90 -90 -90
80:f6:2e:20:90:a0 -97 -97 -97 -97 -97 -97 -97
80:f6:2e:20:55:21 -95 -95 -95 -95 -95 -95 -95 -95 -95
80:f6:2e:20:55:20 -95 -95 -95 -92 -92 -92 -92 -92 -92
80:f6:2e:20:58:d0 -76 -76 -76 -76 -76 -76 -76
ec:17:2f:f8:b7:bc -88 -88 -88 -88 -88 -88 -88
0c:72:2c:7d:27:68 -87 -87 -87 -87 -87
80:f6:2e:20:90:80 -98 -98 -98 -98
