d8:15:0d:9d:d1:be -45 -44 -44 -43 -43 -43 -55 -57 -45 -55
ec:88:8f:c7:07:e6 -61 -61 -61 -61 -61 -59 -59 -59 -59 -59
c6:c6:c6:c6:c6:06 -73 -63 -68 -68 -67 -67 -59 -57 -57 -61
00:21:6a:bd:77:58 -62 -68 -68 -68 -65 -64 -65 -62 -62 -62
c6:c6:c6:c6:c6:01 -49 -49 -45 -45 -48 -50 -56 -47 -45 -48
74:d0:2b:89:83:88 -71 -71 -72 -71 -71 -71 -73 -73 -71 -68
74:d0:2b:89:83:8c -65 -65 -63 -64 -64 -65 -65 -65 -65 -65
00:90:4c:60:00:2c -48 -48 -52 -56 -56 -56 -48 -45 -55 -61
c8:3a:35:16:2b:e8 -52 -52 -51 -50 -49 -51 -47 -47 -46 -46
c6:c6:c6:c6:c6:11 -44 -45 -48 -48 -48 -50 -50 -50 -50 -48
c6:c6:c6:c6:c6:05 -52 -52 -49 -49 -49 -49 -49 -53 -53 -53
d0:c7:c0:71:5b:76 -60 -62 -64 -64 -64 -64 -65 -65 -64 -64
28:2c:b2:16:39:fe -84 -80 -80 -80 -80 -80 -81 -82 -82 -82
6c:6c:6c:6c:6c:09 -60 -60 -60 -63 -61 -58 -58 -58 -58 -63
d0:c7:c0:71:74:54 -69 -73 -73 -73 -73 -73 -72 -72 -73 -72
2e:d0:5a:6e:32:85 -74 -80 -84 -85 -85 -87 -84 -80 -80 -78
c6:c6:c6:c6:c6:13 -59 -60 -60 -61 -61 -61 -61 -60 -60 -60
80:f6:2e:20:58:d1 -69 -69 -69 -69
1c:fa:68:fe:c8:93 -75 -75 -75 -75 -75 -75 -82 -82 -82
00:25:86:84:8e:aa -81
80:f6:2e:20:8e:41 -97 -97 -98 -98 -98
80:f6:2e:20:8e:40 -97 -97
80:f6:2e:20:56:51 -77 -77 -77
d0:c7:c0:71:74:92 -85 -85 -90 -90 -90 -90 -90 -90 -90 -90
c6:c6:c6:c6:c6:14 -84 -80 -76 -76 -76 -76 -75 -75 -75 -75
c6:c6:c6:c6:c6:20 -65 -65 -65 -64 -64 -60 -62 -63 -63 -61
2e:26:c5:8e:ed:ce -92 -90 -90 -89 -88 -88 -88 -88 -88 -88
80:f6:2e:20:55:31 -92 -92 -92 -92 -92 -92 -92 -91 -91
d8:15:0d:2d:bb:4e -92 -92 -92 -92 -92 -92 -92 -91
00:21:6b:91:fb:2b -89 -89 -87 -88 -88 -88 -89
80:f6:2e:20:9a:50 -79 -79 -79 -79
80:f6:2e:20:8e:51 -77
00:36:76:3b:06:de -78
00:90:4c:60:00:1c -82
ec:17:2f:f8:b7:bc -88
80:f6:2e:20:55:20 -98
