d8:15:0d:9d:d1:be -46 -46 -45 -45 -45 -45 -55 -47 -45 -45
ec:88:8f:c7:07:e6 -71 -71 -71 -71 -71 -71 -71 -71 -68 -68
c6:c6:c6:c6:c6:06 -60 -60 -61 -61 -67 -63 -61 -61 -65 -66
00:21:6a:bd:77:58 -66 -67 -67 -67 -63 -69 -68 -70 -66 -65
c6:c6:c6:c6:c6:01 -53 -53 -53 -51 -51 -56 -54 -63 -65 -57
74:d0:2b:89:83:88 -60 -61 -61 -61 -64 -64 -65 -63 -63 -63
74:d0:2b:89:83:8c -60 -60 -60 -60 -60 -60 -60 -60 -60 -60
00:90:4c:60:00:2c -56 -54 -54 -54 -55 -55 -68 -56 -54 -57
c8:3a:35:16:2b:e8 -51 -53 -53 -53 -52 -52 -50 -51 -51 -56
d0:c7:c0:71:5b:76 -63 -67 -67 -67 -67 -67 -67 -67 -67 -66
c6:c6:c6:c6:c6:11 -45 -47 -47 -47 -47 -47 -45 -46 -47 -47
c6:c6:c6:c6:c6:05 -53 -51 -51 -51 -51 -51 -51 -51 -51 -51
c6:c6:c6:c6:c6:13 -67 -64 -64 -64 -64 -64 -64 -64 -64
6c:6c:6c:6c:6c:09 -58 -58 -57 -57 -57 -57 -57 -57 -57 -57
c6:c6:c6:c6:c6:20 -66 -66 -66 -74 -69 -69 -69 -69 -69 -69
00:90:4c:60:00:1c -83 -83 -83 -83 -83 -83 -83 -83 -79
2e:d0:5a:6e:32:85 -79 -80 -81 -80 -80 -80 -80 -80 -80 -80
d0:c7:c0:71:74:54 -70 -69 -69 -69 -69 -69 -69 -69 -69 -69
28:2c:b2:16:39:fe -82 -81 -81 -81 -81 -81 -81 -81 -81 -81
d0:c7:c0:71:74:92 -87 -87 -87 -87 -87 -87 -87 -87 -90
00:25:86:84:8e:aa -87 -87 -87 -87 -87
00:21:6b:91:fb:2b -85 -86 -86 -86 -86 -86 -86 -86 -86 -86
80:f6:2e:20:8e:50 -79
80:f6:2e:20:55:31 -88 -88 -88 -91 -91 -91 -91 -91
80:f6:2e:20:55:30 -91 -91 -91
c6:c6:c6:c6:c6:14 -77 -77 -77 -75 -75 -75 -76 -76 -76 -76
c6:c6:c6:c6:c6:16 -68 -68 -66 -66 -68 -68 -68 -68 -72 -72
80:f6:2e:20:58:d1 -66 -66 -69 -69 -69 -70
80:f6:2e:20:58:d0 -65 -65 -69 -69 -69 -69
80:f6:2e:20:57:21 -98 -98 -98 -98 -98
80:f6:2e:20:57:20 -98 -98 -98 -98 -98
1c:fa:68:fe:c8:93 -68 -68 -72 -72
80:f6:2e:20:56:50 -73 -73
