d8:15:0d:9d:d1:be -49 -49 -49 -49 -49 -49 -49 -49 -49 -49
ec:88:8f:c7:07:e6 -65 -65 -65 -64 -64 -64 -64 -64 -64 -64
c6:c6:c6:c6:c6:06 -64 -60 -64 -60 -60 -62 -61 -66 -61 -65
00:21:6a:bd:77:58 -61 -63 -65 -67 -63 -65 -68 -67 -65 -69
c6:c6:c6:c6:c6:01 -52 -56 -53 -54 -51 -51 -54 -57 -53 -56
74:d0:2b:89:83:88 -71 -65 -72 -65 -65 -64 -63 -63 -64 -65
74:d0:2b:89:83:8c -66 -64 -65 -65 -67 -67 -64 -68 -66 -63
00:90:4c:60:00:2c -65 -57 -57 -57 -57 -57 -63 -61 -61 -59
c8:3a:35:16:2b:e8 -51 -51 -56 -55 -54 -56 -56 -54 -51 -51
c6:c6:c6:c6:c6:11 -50 -50 -50 -50 -54 -54 -58 -59 -60 -55
c6:c6:c6:c6:c6:20 -62 -62 -63 -67 -67 -67 -69 -76 -76 -76
c6:c6:c6:c6:c6:05 -57 -55 -55 -53 -51 -53 -54 -54 -54 -54
c6:c6:c6:c6:c6:13 -63 -57 -58 -58 -58 -58 -58 -58 -58
d0:c7:c0:71:5b:76 -63 -63 -65 -64 -64 -64 -64 -64 -63 -64
d0:c7:c0:71:74:92 -88 -88 -89 -89 -89 -89 -92 -90 -92 -92
28:2c:b2:16:39:fe -90 -87 -83 -82 -83 -82 -82 -80 -80 -80
6c:6c:6c:6c:6c:09 -55 -57 -57 -61 -62 -62 -62 -62 -62 -64
d0:c7:c0:71:74:54 -70 -78 -75 -75 -75 -76 -77 -81 -83 -83
2e:d0:5a:6e:32:85 -76 -77 -84 -80 -77 -77 -78 -78 -78 -78
c6:c6:c6:c6:c6:16 -70 -67 -67 -67
80:f6:2e:20:55:31 -90 -88 -88 -88 -90 -90 -88 -88 -88 -88
80:f6:2e:20:57:20 -95 -95 -95 -95 -95 -95 -95 -95
c6:c6:c6:c6:c6:14 -72 -72 -77 -77 -77 -77 -77 -77 -77 -79
80:f6:2e:20:8e:51 -76 -76 -76 -78 -78 -78 -78
80:f6:2e:20:57:21 -97 -97 -97 -97 -97 -97 -97 -97 -95 -95
80:f6:2e:20:56:51 -75 -75 -75 -75 -75 -75 -75
80:f6:2e:20:8e:50 -75 -75 -75 -75 -75 -75 -75
80:f6:2e:20:56:50 -75 -75 -75 -75 -75 -75 -75
80:f6:2e:20:55:30 -90 -90 -90 -90 -90 -90 -90 -90 -86
80:f6:2e:20:58:d1 -68 -68 -68 -70 -73 -73 -73 -73
00:21:6b:91:fb:2b -88 -88 -88 -88 -88 -88
80:f6:2e:20:58:d0 -68 -68 -68 -68 -68 -68
80:f6:2e:20:9a:51 -84 -84 -84 -84
84:1b:5e:f2:19:78 -97 -97 -97 -97
