d8:15:0d:9d:d1:be -45 -43 -43 -43 -43 -43 -46 -46 -47 -47
ec:88:8f:c7:07:e6 -59 -59 -59 -59 -60 -60 -60 -60 -60 -60
c6:c6:c6:c6:c6:06 -61 -55 -54 -54 -58 -58 -62 -54 -57 -57
00:21:6a:bd:77:58 -57 -61 -72 -72 -63 -63 -63 -63 -60 -62
c6:c6:c6:c6:c6:01 -59 -60 -62 -65 -60 -60 -59 -57 -61 -63
74:d0:2b:89:83:88 -73 -76 -72 -72 -74 -74 -74 -74 -72 -72
74:d0:2b:89:83:8c -76 -71 -69 -72 -72 -69 -69 -71 -68 -68
00:90:4c:60:00:2c -50 -54 -56 -59 -59 -51 -50 -53 -59 -58
c8:3a:35:16:2b:e8 -43 -46 -42 -42 -42 -42 -77 -77 -61 -61
c6:c6:c6:c6:c6:11 -61 -53 -53 -49 -52 -52 -52 -55 -55 -55
c6:c6:c6:c6:c6:05 -40 -43 -43 -43 -42 -42 -43 -43 -43 -43
28:2c:b2:16:39:fe -85 -85 -85 -80 -80 -80 -80 -80 -80 -82
6c:6c:6c:6c:6c:09 -65 -65 -68 -68 -68 -69 -69 -68 -68 -68
d0:c7:c0:71:74:54 -70 -66 -67 -67 -66 -66 -66 -65 -65 -64
2e:d0:5a:6e:32:85 -79 -81 -81 -85 -85 -85 -85 -85 -85 -82
c6:c6:c6:c6:c6:13 -72 -65 -65 -63 -64 -64 -64 -64 -64 -68
c6:c6:c6:c6:c6:14 -72 -72 -77 -77 -77 -77 -77 -77 -72 -72
1c:fa:68:fe:c8:93 -81 -81 -77 -77 -77 -77 -77 -77 -77 -77
00:36:76:3b:06:de -76 -75 -75 -75 -75 -75 -75 -75 -75 -72
2e:26:c5:8e:ed:ce -87 -87 -87 -89 -89 -90 -90 -89 -89 -91
c6:c6:c6:c6:c6:20 -63 -63 -63 -67 -65 -65 -65 -62 -62 -62
80:f6:2e:20:8e:51 -73 -73 -73 -73 -73 -73 -73
00:90:4c:60:00:1c -87 -86 -86
80:f6:2e:20:55:21 -96 -96 -96 -96 -97 -97 -97 -97 -98 -98
80:f6:2e:20:55:20 -96 -96 -96 -96 -96 -96 -96 -96 -96 -96
d0:c7:c0:71:74:92 -83 -83 -86 -86 -86 -86 -86 -86 -86 -85
d0:c7:c0:71:5b:76 -63 -62 -61 -62 -63 -59 -63 -63 -63 -59
00:1d:0f:77:c2:1c -83 -83 -83 -83 -83
80:f6:2e:20:57:21 -92 -92 -92 -92 -92 -92 -92 -92
80:f6:2e:20:57:20 -92 -92 -92 -92 -92 -92 -92 -92
80:f6:2e:20:57:11 -91 -91 -91 -91 -91 -91
80:f6:2e:20:58:d0 -78 -78 -78 -78 -78 -78 -78
9c:21:6a:f4:cf:79 -76 -76 -76 -76 -76 -76 -76 -76
0c:72:2c:7d:27:68 -89 -89 -89 -89 -89 -89 -89 -89
80:f6:2e:20:55:31 -82 -84 -85 -87 -87 -87 -87 -87 -87
80:f6:2e:20:55:30 -83 -84 -85 -87 -87 -81 -81 -81 -82
80:f6:2e:20:8e:50 -73 -73 -73 -73 -73 -73 -73 -73
00:21:6b:91:fb:2b -90 -90 -90 -90 -90 -90
a4:99:47:e7:72:c4 -85 -85 -85
80:f6:2e:20:58:d1 -73 -73
80:f6:2e:20:9a:50 -82 -82
