d8:15:0d:9d:d1:be -56 -60 -60 -56 -56 -56 -56 -57 -58 -58
ec:88:8f:c7:07:e6 -67 -67 -67 -65 -65 -65 -65 -65 -62 -62
c6:c6:c6:c6:c6:06 -60 -65 -65 -59 -62 -59 -58 -59 -61 -61
00:21:6a:bd:77:58 -74 -69 -66 -65 -65 -69 -65 -65 -65 -66
c6:c6:c6:c6:c6:01 -60 -56 -61 -61 -61 -56 -51 -55 -60 -52
74:d0:2b:89:83:88 -60 -56 -55 -55 -57 -57 -59 -59 -57 -57
74:d0:2b:89:83:8c -62 -57 -58 -58 -58 -57 -57 -57 -57 -57
00:90:4c:60:00:2c -70 -60 -60 -60 -56 -55 -58 -55 -59 -59
c8:3a:35:16:2b:e8 -56 -55 -52 -57 -61 -59 -53 -58 -62 -54
d0:c7:c0:71:5b:76 -69 -65 -65 -65 -65 -64 -63 -60 -61 -61
28:2c:b2:16:39:fe -80 -82 -82 -81 -86 -84 -83 -81 -83 -82
2e:d0:5a:6e:32:85 -69 -72 -72 -73 -74 -74 -74 -72 -72 -72
c6:c6:c6:c6:c6:11 -52 -52 -52 -57 -53 -54 -58 -53 -52 -52
c6:c6:c6:c6:c6:05 -48 -53 -57 -57 -57 -57 -55 -55 -55 -59
c6:c6:c6:c6:c6:13 -63 -59 -55 -55 -55 -55 -55 -55 -55 -57
d0:c7:c0:71:74:54 -75 -71 -71 -70 -70 -70 -71 -71 -71 -71
d0:c7:c0:71:74:92 -81 -81 -81 -83 -83 -84 -81 -81 -83 -83
6c:6c:6c:6c:6c:09 -58 -57 -57 -53 -53 -53 -50 -50 -56 -52
c6:c6:c6:c6:c6:20 -68 -67 -67 -67 -67 -67 -67 -65 -65 -65
00:21:6b:91:fb:2b -84 -84 -81 -80 -80 -80 -80 -81 -81 -81
c6:c6:c6:c6:c6:14 -80 -80 -80 -80 -80 -80 -80
00:90:4c:60:00:1c -81 -81 -75 -75 -81 -81 -77 -77 -77 -76
84:1b:5e:f2:19:79 -76
c6:c6:c6:c6:c6:16 -75 -75
1c:fa:68:fe:c8:93 -79 -79 -79 -79 -79 -78 -78 -78 -78
00:25:86:84:8e:aa -79 -79 -79 -79
80:f6:2e:20:56:51 -74 -74 -74 -74 -74 -74 -74 -79 -79
80:f6:2e:20:57:21 -98 -98 -98 -98 -98 -98 -98 -98
d8:15:0d:2d:bb:4e -91 -91 -91 -91 -91 -91 -91 -91
80:f6:2e:20:57:20 -96 -96 -96 -96 -96 -96 -96 -96
9c:21:6a:9a:55:88 -75 -75 -75 -75 -74
2a:5d:60:01:e3:cf -82 -82 -82 -82 -82
00:36:76:3b:06:de -83 -83
