d8:15:0d:9d:d1:be -45 -41 -41 -39 -39 -40 -40 -40 -40 -41
ec:88:8f:c7:07:e6 -61 -61 -61 -61 -61 -61 -61 -57 -57 -57
c6:c6:c6:c6:c6:06 -62 -62 -55 -58 -54 -59 -65 -58 -60 -63
00:21:6a:bd:77:58 -62 -62 -61 -65 -59 -62 -58 -62 -61 -60
c6:c6:c6:c6:c6:01 -60 -57 -55 -56 -52 -54 -56 -52 -56 -56
74:d0:2b:89:83:88 -72 -78 -78 -71 -70 -70 -71 -71 -71 -73
74:d0:2b:89:83:8c -66 -67 -67 -74 -68 -66 -68 -73 -67 -65
00:90:4c:60:00:2c -54 -50 -50 -49 -49 -68 -56 -52 -50 -51
c8:3a:35:16:2b:e8 -51 -51 -51 -49 -49 -52 -52 -52 -51 -51
c6:c6:c6:c6:c6:11 -51 -47 -47 -50 -50 -50 -50 -47 -45 -45
c6:c6:c6:c6:c6:05 -45 -45 -45 -47 -47 -47 -47 -50 -50 -50
d0:c7:c0:71:5b:76 -68 -67 -62 -58 -58 -58 -58 -58 -58 -58
28:2c:b2:16:39:fe -83 -83 -83 -83 -83 -83 -83 -88 -88 -88
6c:6c:6c:6c:6c:09 -65 -66 -63 -63 -61 -61 -61 -61 -61 -72
d0:c7:c0:71:74:54 -67 -70 -71 -71 -72 -72 -72 -74 -73 -71
2e:d0:5a:6e:32:85 -79 -80 -80 -78 -79 -79 -79 -79 -79 -79
c6:c6:c6:c6:c6:13 -66 -65 -65 -68 -68 -65 -65 -65 -65 -64
c6:c6:c6:c6:c6:14 -77 -71 -71 -71 -75 -75 -75 -75 -75 -75
c6:c6:c6:c6:c6:20 -65 -65 -65 -59 -59 -59 -60 -60 -59
80:f6:2e:20:55:31 -88 -90 -90 -90 -90 -90 -90 -91 -91 -90
00:21:6b:91:fb:2b -87 -90 -89 -85 -85 -85 -85 -85 -85 -85
80:f6:2e:20:9a:50 -81 -81 -81 -81 -81 -81 -81 -81
1c:fa:68:fe:c8:93 -77 -77 -77 -77 -70 -70 -70 -70 -70 -70
00:36:76:3b:06:de -73 -73 -73 -73 -73 -73 -73 -68 -70 -70
00:90:4c:60:00:1c -86 -84 -84 -84 -84 -84 -84 -84
9c:21:6a:f4:cf:79 -84 -80 -80 -80 -80 -80 -80 -80
d0:c7:c0:71:74:92 -89 -89 -89 -89 -89 -89 -89 -89
80:f6:2e:20:57:21 -97 -97 -97 -96 -96 -96 -96 -96 -96 -96
80:f6:2e:20:57:20 -95 -95 -95 -94 -94 -94 -94 -94 -94 -94
2e:26:c5:8e:ed:ce -89 -89 -89 -89 -89 -88 -88 -89 -89 -89
80:f6:2e:20:57:d1 -93 -93 -93 -94 -94 -94 -94 -94 -94 -94
84:1b:5e:f2:19:78 -98 -98 -98 -98 -98 -98
80:f6:2e:20:57:d0 -94 -93 -93 -93 -93 -93 -93 -93
c8:3a:35:2f:e1:b8 -86 -86 -86 -86 -86 -86 -86
80:f6:2e:20:9a:51 -80 -80 -80 -80 -80 -80 -80 -80
80:f6:2e:20:55:30 -90 -90 -90 -90 -90 -90 -90
00:25:86:84:8e:aa -86 -86 -86 -86 -86 -86 -86
0c:72:2c:7d:27:68 -89 -89 -89 -89 -91 -91 -91
80:f6:2e:20:8e:51 -77 -77 -77 -77 -77 -75
d8:15:0d:d4:56:08 -92 -92 -92 -92
a4:99:47:e7:72:c4 -92
80:f6:2e:20:8e:50 -69
