d8:15:0d:9d:d1:be -47 -45 -45 -45 -44 -44 -55 -46 -43 -43
ec:88:8f:c7:07:e6 -66 -66 -66 -66 -62 -62 -62 -62 -63 -63
c6:c6:c6:c6:c6:06 -61 -60 -60 -60 -59 -62 -70 -70 -67 -69
00:21:6a:bd:77:58 -66 -65 -65 -68 -63 -62 -65 -65 -63 -64
c6:c6:c6:c6:c6:01 -47 -48 -48 -46 -46 -47 -45 -47 -49 -49
74:d0:2b:89:83:88 -67 -72 -76 -69 -69 -67 -69 -69 -65 -67
74:d0:2b:89:83:8c -66 -67 -67 -68 -67 -67 -67 -67 -67 -71
00:90:4c:60:00:2c -51 -54 -54 -50 -53 -54 -54 -57 -58 -55
c8:3a:35:16:2b:e8 -60 -60 -61 -53 -61 -53 -59 -59 -59 -59
c6:c6:c6:c6:c6:11 -55 -55 -54 -50 -48 -48 -48 -50 -54 -55
c6:c6:c6:c6:c6:20 -64 -64 -64 -64 -63 -63 -63 -63 -68 -68
c6:c6:c6:c6:c6:05 -47 -50 -55 -55 -60 -60 -60 -60 -54 -50
d0:c7:c0:71:5b:76 -74 -74 -64 -64 -64 -70 -70 -70 -70 -70
d0:c7:c0:71:74:92 -88 -89 -89 -90 -90 -90 -90 -90 -90 -90
28:2c:b2:16:39:fe -80 -77 -77 -81 -81 -81 -83 -83 -83 -79
6c:6c:6c:6c:6c:09 -67 -63 -63 -59 -58 -57 -57 -57 -57 -58
d0:c7:c0:71:74:54 -73 -71 -71 -75 -77 -75 -75 -75 -72 -69
2e:d0:5a:6e:32:85 -76 -73 -73 -77 -77 -76 -78 -77 -73 -74
80:f6:2e:20:55:31 -87 -87 -87
c6:c6:c6:c6:c6:14 -77 -77
80:f6:2e:20:55:30 -88 -88 -88 -88 -88
c6:c6:c6:c6:c6:13 -61 -61 -58 -54 -54 -54 -54 -54 -55 -55
80:f6:2e:20:58:d1 -72 -72 -72 -72 -72 -72 -72
00:21:6b:91:fb:2b -89 -87 -87 -87 -87 -87 -87 -87 -87
80:f6:2e:20:8e:51 -75 -75 -75 -75
80:f6:2e:20:56:40 -96
00:90:4c:60:00:1c -82 -82 -82 -82 -82 -82 -82 -82 -83 -83
80:f6:2e:20:58:d0 -75 -75 -66 -66 -66 -66 -70 -70 -70 -70
80:f6:2e:20:8e:41 -99 -99 -99 -99 -99
80:f6:2e:20:8e:40 -97 -97 -97 -97 -97
c8:3a:35:2f:e1:b8 -82 -82 -82 -82 -82 -82
80:f6:2e:20:8e:50 -74 -74 -74 -74 -74 -74 -74 -74 -72
80:f6:2e:20:9a:51 -81 -81 -81 -81 -81 -81 -81
c6:c6:c6:c6:c6:16 -78 -78 -83 -83 -83 -83
2e:26:c5:8e:ed:ce -91 -91 -91 -91
1c:fa:68:fe:c8:93 -84
