d8:15:0d:9d:d1:be -56 -50 -45 -49 -49 -44 -43 -55 -45 -43
ec:88:8f:c7:07:e6 -64 -64 -64 -64 -64 -65 -65 -65 -65 -59
c6:c6:c6:c6:c6:06 -67 -68 -66 -61 -67 -67 -59 -64 -66 -66
00:21:6a:bd:77:58 -66 -62 -68 -69 -67 -61 -60 -60 -63 -60
c6:c6:c6:c6:c6:01 -55 -56 -58 -61 -57 -58 -58 -58 -50 -54
74:d0:2b:89:83:88 -69 -73 -76 -76 -73 -73 -73 -73 -73 -73
74:d0:2b:89:83:8c -68 -66 -66 -66 -65 -68 -65 -65 -73 -75
00:90:4c:60:00:2c -64 -60 -58 -59 -58 -55 -54 -54 -60 -57
c8:3a:35:16:2b:e8 -49 -45 -56 -56 -51 -51 -55 -49 -57 -46
c6:c6:c6:c6:c6:11 -52 -50 -49 -50 -54 -50 -51 -48 -48 -47
c6:c6:c6:c6:c6:05 -54 -53 -53 -54 -54 -54 -54 -51 -51 -51
28:2c:b2:16:39:fe -82 -86 -83 -87 -87 -87 -87 -87 -87 -87
6c:6c:6c:6c:6c:09 -67 -59 -61 -69 -66 -63 -63 -66 -66 -62
d0:c7:c0:71:74:54 -73 -77 -77 -74 -74 -72 -72 -73 -73 -74
2e:d0:5a:6e:32:85 -79 -78 -83 -83 -83 -80 -80 -80 -79 -80
c6:c6:c6:c6:c6:13 -61 -61 -70 -70 -62 -62 -65 -66 -66 -68
2e:26:c5:8e:ed:ce -86 -82 -78 -84 -87 -87 -87 -83 -87 -84
c6:c6:c6:c6:c6:20 -60 -60 -60 -66 -60 -58 -58 -58 -57 -57
d0:c7:c0:71:5b:76 -69 -68 -71 -71 -71 -71 -71 -71 -71 -71
80:f6:2e:20:57:21 -91 -91 -91 -91 -94 -94 -94 -94 -93 -93
80:f6:2e:20:57:20 -89 -89 -89 -89 -92 -92 -92 -92 -93 -92
00:90:4c:60:00:1c -78 -78 -78 -82 -82 -82 -82 -81 -81 -81
80:f6:2e:20:55:31 -90 -90 -90 -90 -88 -88 -88 -88 -88 -88
80:f6:2e:20:55:30 -91 -88 -88 -88 -88 -88 -88 -88 -88 -88
80:f6:2e:20:88:c1 -98 -98 -98 -98 -98 -98
80:f6:2e:20:56:41 -96 -96 -96 -96
80:f6:2e:20:56:40 -97 -97 -97 -97
80:f6:2e:20:88:c0 -93 -93
d0:c7:c0:71:74:92 -89 -89 -89 -89 -88 -89 -89 -89 -85 -89
80:f6:2e:20:90:81 -97
1c:fa:68:fe:c8:93 -75 -75 -75 -75 -79 -79 -79 -79 -79 -79
1c:fa:68:50:a2:22 -78 -78 -78 -78
c6:c6:c6:c6:c6:14 -74 -74 -74 -74 -74 -77 -75 -75 -75 -75
80:f6:2e:20:8e:41 -96 -96 -96 -96 -96 -96
80:f6:2e:20:8e:40 -95 -95 -95 -95 -95 -95
00:21:6b:91:fb:2b -85 -85 -85 -85 -85 -85 -85 -85
80:f6:2e:20:8e:50 -79 -79 -79 -79 -79 -79 -79
9c:21:6a:f4:cf:79 -86 -86 -86
84:1b:5e:f2:19:78 -97 -97 -97
