d8:15:0d:9d:d1:be -54 -54 -54 -57 -53 -53 -53 -52 -52 -52
ec:88:8f:c7:07:e6 -62 -62 -67 -67 -67 -67 -67 -68 -68 -68
c6:c6:c6:c6:c6:06 -75 -67 -67 -65 -69 -67 -63 -64 -65 -66
00:21:6a:bd:77:58 -70 -70 -66 -72 -73 -75 -71 -70 -70 -71
c6:c6:c6:c6:c6:01 -61 -58 -54 -56 -60 -59 -57 -60 -58 -58
74:d0:2b:89:83:88 -55 -55 -55 -59 -56 -55 -54 -54 -53 -54
74:d0:2b:89:83:8c -57 -57 -60 -59 -59 -60 -58 -58 -57 -57
00:90:4c:60:00:2c -60 -64 -60 -60 -58 -72 -62 -62 -54 -57
c8:3a:35:16:2b:e8 -59 -59 -60 -59 -63 -63 -62 -60 -60 -60
d0:c7:c0:71:5b:76 -64 -64 -63 -63 -63 -63 -67 -67 -67 -67
28:2c:b2:16:39:fe -81 -81 -80 -78 -78 -78 -78 -78 -78 -80
2e:d0:5a:6e:32:85 -77 -77 -79 -79 -79 -77 -77 -77 -77 -77
c6:c6:c6:c6:c6:11 -51 -55 -53 -50 -54 -52 -51 -52 -52 -56
c6:c6:c6:c6:c6:05 -57 -59 -61 -59 -59 -59 -59 -59 -60 -60
c6:c6:c6:c6:c6:13 -57 -64 -64 -64 -64 -69 -67 -65 -65 -69
d0:c7:c0:71:74:54 -77 -77 -77 -73 -73 -73 -73 -80 -80 -80
d0:c7:c0:71:74:92 -81 -81 -85 -85 -85 -85 -85 -85 -85
6c:6c:6c:6c:6c:09 -52 -51 -51 -55 -57 -53 -50 -50 -49 -51
c6:c6:c6:c6:c6:20 -67 -67 -65 -66 -66 -68 -68 -65 -63 -63
00:90:4c:60:00:1c -88 -88 -82 -89 -81 -88 -88 -82 -82 -82
9c:21:6a:9a:55:88 -74 -74
1c:fa:68:fe:c8:93 -84 -84 -84 -84 -84
c6:c6:c6:c6:c6:16 -72 -72 -72 -72 -72 -72 -80 -80 -80 -71
00:25:86:84:8e:aa -90 -90 -90 -90 -90 -90
84:1b:5e:f2:19:79 -74
c6:c6:c6:c6:c6:14 -86 -86 -86 -84 -84 -84 -84
80:f6:2e:20:8e:51 -77 -77 -79 -79 -79 -79 -83 -83 -83 -83
9c:21:6a:f4:cf:79 -88 -88 -88 -88 -88 -88 -88 -88
00:21:6b:91:fb:2b -85 -85 -85 -85 -85 -85 -85 -85
00:36:76:3b:06:de -83 -83 -83 -83 -83
