d8:15:0d:9d:d1:be -46 -46 -55 -50 -53 -45 -44 -55 -45 -43
ec:88:8f:c7:07:e6 -62 -62 -62 -62 -62 -58 -58 -58 -58 -58
c6:c6:c6:c6:c6:06 -66 -60 -63 -58 -58 -68 -69 -67 -63 -67
00:21:6a:bd:77:58 -71 -71 -68 -74 -72 -57 -65 -73 -69 -69
c6:c6:c6:c6:c6:01 -56 -55 -52 -56 -50 -58 -52 -53 -51 -52
74:d0:2b:89:83:88 -66 -66 -67 -66 -66 -69 -69 -74 -69 -68
74:d0:2b:89:83:8c -66 -67 -64 -67 -65 -65 -65 -66 -66 -64
00:90:4c:60:00:2c -61 -57 -55 -64 -58 -62 -62 -62 -55 -56
c8:3a:35:16:2b:e8 -48 -52 -48 -47 -46 -45 -77 -84 -56 -46
c6:c6:c6:c6:c6:11 -50 -51 -45 -45 -41 -43 -40 -40 -40 -41
c6:c6:c6:c6:c6:05 -51 -51 -51 -51 -58 -58 -58 -54
28:2c:b2:16:39:fe -87 -87 -87 -87 -87 -91 -91 -91 -91
6c:6c:6c:6c:6c:09 -63 -63 -62 -66 -66 -65 -65 -69 -69 -74
d0:c7:c0:71:74:54 -73 -74 -76 -76 -76 -76 -72 -73 -79 -75
2e:d0:5a:6e:32:85 -81 -84 -79 -80 -80 -81 -82 -85 -84 -83
c6:c6:c6:c6:c6:13 -60 -68 -62 -69 -65 -64 -62 -62 -62 -62
2e:26:c5:8e:ed:ce -86 -86 -90 -90 -90 -88 -88 -88 -88 -89
c6:c6:c6:c6:c6:20 -57 -57 -57 -66 -66 -63 -63 -65 -65 -65
80:f6:2e:20:57:21 -91 -94 -93 -93 -93 -93 -93 -93 -92 -92
80:f6:2e:20:57:20 -89 -91 -91 -91 -90 -90 -90 -90 -89 -89
00:90:4c:60:00:1c -77 -77 -77 -77 -77 -77 -76 -81 -81 -81
80:f6:2e:20:55:31 -87 -87 -87 -87 -90 -90 -91 -91 -91 -91
80:f6:2e:20:55:30 -84 -90 -90 -90 -90 -90 -90 -90 -92
d0:c7:c0:71:74:92 -87 -87 -90 -90 -90 -90 -88 -88 -89 -89
1c:fa:68:fe:c8:93 -78 -77 -77 -77 -77 -77 -77 -76 -76 -76
c6:c6:c6:c6:c6:14 -84 -84 -84 -80 -80 -80 -80 -80 -80 -80
80:f6:2e:20:8e:41 -97 -97 -97 -98 -98 -98 -98 -98 -98 -98
80:f6:2e:20:56:41 -99 -99
80:f6:2e:20:8e:40 -96 -96 -96 -98 -98 -98 -98 -98 -98 -98
d0:c7:c0:71:5b:76 -62 -64 -64 -64 -67 -68 -68 -68 -68 -68
00:21:6b:91:fb:2b -89 -89 -89 -89 -89
80:f6:2e:20:8e:51 -75 -75 -75 -75 -75 -75 -75
c6:c6:c6:c6:c6:16 -80 -80 -80 -80 -80
80:f6:2e:20:5a:b1 -89 -89 -89 -89 -89
c8:3a:35:2f:e1:b8 -82 -82 -82 -82 -82 -82
80:f6:2e:20:55:21 -96 -96 -96 -96 -95 -95 -95 -95 -95
80:f6:2e:20:55:20 -95 -95 -95 -95 -95 -95 -95 -95 -95
0c:72:2c:7d:27:68 -92 -92 -88 -88 -88 -88 -88
