d8:15:0d:9d:d1:be -48 -50 -46 -50 -50 -55 -55 -55 -52 -49
ec:88:8f:c7:07:e6 -59 -59 -59 -59 -59 -60 -60 -60 -60 -58
c6:c6:c6:c6:c6:06 -62 -57 -57 -59 -58 -67 -63 -68 -65 -63
00:21:6a:bd:77:58 -62 -64 -58 -62 -62 -64 -64 -61 -69 -65
c6:c6:c6:c6:c6:01 -61 -59 -64 -59 -63 -63 -65 -58 -63 -65
74:d0:2b:89:83:88 -76 -75 -72 -68 -67 -67 -66 -66 -67 -68
74:d0:2b:89:83:8c -79 -76 -71 -75 -68 -68 -68 -68 -68 -68
00:90:4c:60:00:2c -60 -57 -55 -53 -53 -59 -74 -60 -57 -57
c8:3a:35:16:2b:e8 -43 -49 -50 -47 -47 -48 -49 -49 -49 -48
c6:c6:c6:c6:c6:11 -56 -56 -56 -56 -59 -59 -59 -59 -57 -56
c6:c6:c6:c6:c6:05 -55 -48 -44 -44 -45 -46 -46 -46 -46 -44
28:2c:b2:16:39:fe -80 -80 -80 -86 -83 -84 -84 -84 -84 -84
6c:6c:6c:6c:6c:09 -69 -69 -62 -74 -74 -73 -72 -72 -72 -68
d0:c7:c0:71:74:54 -77 -74 -71 -70 -71 -71 -71 -71 -70 -70
2e:d0:5a:6e:32:85 -76 -76 -80 -81 -80 -83 -83 -85 -85 -83
c6:c6:c6:c6:c6:13 -68 -68 -68 -66 -66 -67 -67 -67 -69 -69
c6:c6:c6:c6:c6:14 -84 -76 -79 -83 -83 -83 -83 -83 -83 -83
2e:26:c5:8e:ed:ce -88 -81 -86 -84 -83 -83 -85 -86 -88 -88
c6:c6:c6:c6:c6:20 -65 -69 -69 -69 -69 -69 -69 -67 -67 -67
d0:c7:c0:71:5b:76 -66 -67 -70 -66 -66 -65 -65 -65 -66 -66
80:f6:2e:20:55:31 -89 -86 -86 -86 -86 -86 -86 -86 -85
80:f6:2e:20:55:30 -84 -84 -84 -86
1c:fa:68:fe:c8:93 -72 -72 -76 -74 -74 -74 -75 -75 -75 -78
80:f6:2e:20:57:21 -88 -92 -92 -91 -95 -95 -93 -93 -91 -92
80:f6:2e:20:57:20 -86 -89 -89 -89 -91 -91 -91 -90 -89 -89
00:21:6b:91:fb:2b -86 -86 -87 -87 -87 -87 -87 -87 -87
80:f6:2e:20:8e:41 -96 -96 -96 -99 -98 -98 -98 -98
80:f6:2e:20:8e:40 -97 -97 -97 -97 -97 -98 -97 -97 -97 -97
84:1b:5e:f2:19:78 -95 -95 -95 -95 -95 -95 -95 -95 -97
2a:5d:60:01:e3:cf -72 -72 -72 -72 -72
80:f6:2e:20:8e:51 -73 -73 -73 -73 -73 -72 -72 -72 -72 -72
00:90:4c:60:00:1c -85 -81 -81 -81 -81 -81 -85 -85 -85 -85
80:f6:2e:20:55:21 -92 -92 -92 -92 -92 -92 -92 -92 -96
80:f6:2e:20:55:20 -90 -90 -90 -90 -90 -90 -90 -90 -95
c8:3a:35:2f:e1:b8 -80 -80 -80 -80 -80 -80 -81 -81
80:f6:2e:20:9a:51 -81 -81 -81 -81 -81 -81 -81 -81
80:f6:2e:20:9a:50 -83 -83 -83 -83
80:f6:2e:20:90:a1 -99 -98 -98 -98 -98 -98 -98 -98
80:f6:2e:20:90:a0 -98 -97 -97 -97 -97 -97 -97 -97
80:f6:2e:20:58:d1 -78 -78 -78 -78 -78 -78 -78
0c:72:2c:7d:27:68 -84 -84 -84 -84 -89 -89 -89 -89 -89
d0:c7:c0:71:74:92 -84 -84 -84 -84 -84 -84 -84
00:1d:0f:77:c2:1c -85 -85 -85 -85 -85 -85
80:f6:2e:20:88:c1 -97 -97 -96 -96 -96 -96
00:36:76:3b:06:de -79 -79 -79 -78 -78
80:f6:2e:20:88:c0 -96 -96 -96 -96
9c:21:6a:f4:cf:79 -85 -85 -85
a4:99:47:e7:72:c4 -85 -85
d8:15:0d:d4:56:08 -93
