d8:15:0d:9d:d1:be -46 -46 -55 -48 -48 -47 -47 -48 -50 -50
ec:88:8f:c7:07:e6 -58 -58 -58 -58 -58 -58 -63 -63 -63 -63
c6:c6:c6:c6:c6:06 -63 -68 -67 -59 -60 -71 -66 -63 -72 -72
00:21:6a:bd:77:58 -66 -67 -63 -65 -69 -69 -67 -68 -69 -76
c6:c6:c6:c6:c6:01 -58 -56 -55 -50 -54 -50 -50 -48 -60 -51
74:d0:2b:89:83:88 -63 -60 -60 -59 -60 -61 -61 -63 -64 -67
74:d0:2b:89:83:8c -67 -70 -68 -64 -65 -66 -66 -67 -67 -67
00:90:4c:60:00:2c -55 -59 -58 -58 -81 -60 -57 -57 -53 -53
c8:3a:35:16:2b:e8 -51 -51 -52 -55 -65 -60 -61 -57 -57 -61
c6:c6:c6:c6:c6:11 -47 -46 -42 -54 -44 -55 -48 -48 -48 -45
6c:6c:6c:6c:6c:09 -63 -59 -59 -55 -58 -59 -59 -60 -60 -62
d0:c7:c0:71:74:54 -78 -78 -78 -71 -70 -70 -71 -76 -76 -77
2e:d0:5a:6e:32:85 -77 -78 -79 -79 -78 -78 -79 -80 -80 -80
c6:c6:c6:c6:c6:13 -59 -59 -59 -59 -71 -71 -68 -68 -65 -65
2e:26:c5:8e:ed:ce -89 -89
c6:c6:c6:c6:c6:20 -65 -65 -65 -65 -70 -74 -74 -73 -73 -69
80:f6:2e:20:57:21 -93 -92 -92 -92 -92 -92 -92 -92 -92
80:f6:2e:20:57:20 -92 -92 -91 -91 -91 -91 -91 -91 -91
00:90:4c:60:00:1c -81 -83 -83 -84 -84 -84 -84 -84 -84 -84
80:f6:2e:20:55:31 -89 -89 -92 -92 -92 -92 -92 -92 -92 -89
d0:c7:c0:71:74:92 -87 -87 -89 -89 -89 -89 -89 -89 -89 -89
1c:fa:68:fe:c8:93 -78 -78 -78 -78 -75 -75 -75 -75 -75 -75
d0:c7:c0:71:5b:76 -67 -69 -66 -66 -66 -66 -66 -66 -66 -67
80:f6:2e:20:55:21 -96
80:f6:2e:20:55:20 -94
c6:c6:c6:c6:c6:05 -54 -54 -54 -56 -58 -63 -57 -55 -55 -55
80:f6:2e:20:55:30 -90 -90 -90 -90 -90 -90 -90 -90 -90 -90
84:1b:5e:f2:19:78 -96
80:f6:2e:20:8e:51 -77 -77
28:2c:b2:16:39:fe -83 -82 -80 -80 -80 -80 -80 -83 -83 -82
c6:c6:c6:c6:c6:14 -77 -77 -77 -77 -81 -81 -81 -81 -81 -81
00:36:76:3b:06:de -78 -78 -78 -78 -78 -78 -82
2a:5d:60:01:e3:cf -77 -77 -77 -77 -76 -76 -76
c6:c6:c6:c6:c6:16 -80 -80 -80 -80 -80 -80 -80
80:f6:2e:20:5a:b1 -89 -89 -89 -89 -89 -89 -89
00:21:6b:91:fb:2b -90 -87 -87 -87 -87 -87 -87
84:1b:5e:f2:19:79 -78 -78 -78 -76 -76 -76
9c:21:6a:f4:cf:79 -84 -84 -84 -84 -84 -84
80:f6:2e:20:8e:50 -80 -80 -80 -80 -80 -80
9c:21:6a:9a:55:88 -84 -84 -84
c8:3a:35:2f:e1:b8 -84 -84 -84
