d8:15:0d:9d:d1:be -49 -53 -56 -57 -57 -57 -51 -51 -51 -51
ec:88:8f:c7:07:e6 -68 -68 -68 -68 -68 -68 -69 -69 -69 -69
c6:c6:c6:c6:c6:06 -65 -65 -63 -66 -66 -65 -65 -68 -67 -67
00:21:6a:bd:77:58 -69 -67 -75 -67 -65 -65 -70 -69 -69 -69
c6:c6:c6:c6:c6:01 -58 -57 -55 -57 -64 -60 -60 -60 -59 -59
74:d0:2b:89:83:88 -55 -59 -61 -59 -60 -61 -62 -62 -60 -62
74:d0:2b:89:83:8c -61 -59 -59 -62 -62 -62 -62 -62 -62 -62
00:90:4c:60:00:2c -56 -60 -60 -61 -64 -64 -64 -63 -63 -62
c8:3a:35:16:2b:e8 -56 -56 -60 -60 -60 -60 -59 -59 -59 -61
d0:c7:c0:71:5b:76 -70 -70 -70 -68 -68 -68 -68 -68 -63 -63
c6:c6:c6:c6:c6:11 -56 -56 -55 -59 -59 -61 -56 -56 -53 -51
c6:c6:c6:c6:c6:05 -57 -57 -64 -64 -57 -55 -55 -55 -56 -56
c6:c6:c6:c6:c6:13 -64 -64 -64 -64 -61 -61 -61 -61 -61 -62
6c:6c:6c:6c:6c:09 -55 -54 -66 -66 -66 -66 -66 -59 -58 -57
c6:c6:c6:c6:c6:20 -72 -66 -62 -62 -62 -60 -60 -62 -62 -63
00:90:4c:60:00:1c -84 -82 -82 -82 -82 -78 -79 -82 -82 -80
2e:d0:5a:6e:32:85 -82 -79 -79 -82 -82 -82 -80 -80 -80 -79
d0:c7:c0:71:74:54 -74 -75 -73 -74 -74 -74 -74 -74 -74 -74
28:2c:b2:16:39:fe -84 -80 -80 -81 -82 -82 -83 -83 -86 -86
c6:c6:c6:c6:c6:16 -83 -83 -83 -83
00:21:6b:91:fb:2b -87 -87 -86 -87 -89 -89 -89 -89 -89 -89
d0:c7:c0:71:74:92 -88 -88 -88 -88 -92 -92 -90 -90 -90 -90
00:25:86:84:8e:aa -81 -81 -81 -81 -81 -85
9c:21:6a:9a:55:88 -74 -74
80:f6:2e:20:8e:51 -84 -84 -84 -84
80:f6:2e:20:8e:50 -84 -84 -84 -84 -84 -84 -84 -84 -84 -84
80:f6:2e:20:55:20 -96 -96 -96 -96
c6:c6:c6:c6:c6:14 -79 -79 -79 -79 -79 -79
1c:fa:68:fe:c8:93 -83 -83 -83 -83 -83 -83 -81 -81
80:f6:2e:20:58:d0 -68 -68 -68 -68 -68 -68 -68
80:f6:2e:20:9a:51 -90 -90 -90 -90 -90 -90 -90 -90 -91
80:f6:2e:20:58:d1 -77 -73 -73 -73 -73 -73
80:f6:2e:20:57:21 -97 -97 -98 -98
84:1b:5e:f2:19:79 -77 -77
c8:3a:35:2f:e1:b8 -81 -81
00:36:76:3b:06:de -88
