d8:15:0d:9d:d1:be -50 -50 -50 -50 -50 -50 -49 -48 -48 -46
ec:88:8f:c7:07:e6 -65 -65 -65 -65 -65 -65 -62 -62 -62 -62
c6:c6:c6:c6:c6:06 -68 -64 -68 -74 -66 -63 -63 -64 -64 -65
00:21:6a:bd:77:58 -72 -66 -65 -67 -73 -73 -69 -68 -67 -67
c6:c6:c6:c6:c6:01 -57 -57 -54 -56 -59 -58 -61 -58 -52 -52
74:d0:2b:89:83:88 -63 -58 -56 -56 -56 -56 -56 -56 -56 -56
74:d0:2b:89:83:8c -66 -66 -70 -67 -66 -66 -62 -62 -62 -62
00:90:4c:60:00:2c -64 -65 -63 -60 -71 -66 -62 -61 -61 -66
c8:3a:35:16:2b:e8 -62 -55 -56 -62 -58 -57 -57 -61 -57 -55
c6:c6:c6:c6:c6:11 -51 -53 -51 -57 -54 -51 -51 -51 -51 -52
6c:6c:6c:6c:6c:09 -61 -61 -61 -65 -69 -69 -65 -62 -62 -64
d0:c7:c0:71:74:54 -74 -74 -74 -74 -71 -71 -73 -73 -73 -72
2e:d0:5a:6e:32:85 -77 -80 -77 -77 -75 -75 -75 -74 -75 -75
c6:c6:c6:c6:c6:13 -65 -65 -65 -61 -61 -61 -61 -59 -59 -58
c6:c6:c6:c6:c6:20 -68 -68 -63 -63 -61 -61 -62 -62 -62 -62
80:f6:2e:20:55:31 -92 -92 -92 -92 -90 -91 -91 -90 -90 -90
d0:c7:c0:71:74:92 -88 -93 -93 -93 -93 -89 -88 -88 -88 -88
1c:fa:68:fe:c8:93 -76 -76 -76 -76 -76 -85 -85 -86 -86 -86
d0:c7:c0:71:5b:76 -68 -65 -65 -61 -61 -65 -65 -65 -65 -65
c6:c6:c6:c6:c6:05 -53 -49 -49 -49 -49 -48 -48 -48 -48 -48
80:f6:2e:20:55:30 -92 -92 -91 -91 -90 -90 -90 -90 -90 -90
28:2c:b2:16:39:fe -84 -84 -83 -83 -81 -81 -81 -81 -81 -81
2a:5d:60:01:e3:cf -81 -81 -81 -81
c8:3a:35:2f:e1:b8 -84 -84
00:36:76:3b:06:de -78 -78 -78 -78 -78
9c:d6:43:4e:e9:50 -90
00:90:4c:60:00:1c -81 -81 -81 -84 -84 -84 -82 -82 -81 -81
2e:26:c5:8e:ed:ce -90 -93 -93 -93 -93 -93 -93 -93
80:f6:2e:20:58:d1 -81 -81 -81
00:21:6b:91:fb:2b -89 -89 -89 -89 -90
80:f6:2e:20:57:d1 -90 -90 -90
80:f6:2e:20:58:d0 -81 -81 -81
80:f6:2e:20:57:d0 -93 -93 -93
80:f6:2e:20:57:21 -90 -90 -90 -90 -90 -90
80:f6:2e:20:57:20 -89 -89 -89 -89 -89 -89
c6:c6:c6:c6:c6:16 -76 -76 -76 -76 -76 -76 -76
c6:c6:c6:c6:c6:14 -79 -79 -79 -79 -79 -79 -79
80:f6:2e:20:55:21 -94 -94 -94 -94 -94 -94
80:f6:2e:20:55:20 -93 -93 -93 -93 -93 -93
80:f6:2e:20:8e:50 -76 -76 -76 -76 -76 -76 -76
84:1b:5e:f2:19:78 -98 -98 -98 -98 -98 -98 -98
00:25:86:84:8e:aa -83 -83 -83 -83 -83 -83 -83
80:f6:2e:20:56:41 -97 -97 -97 -97 -97 -97
80:f6:2e:20:56:40 -97 -97 -97 -97 -97 -97
9c:21:6a:f4:cf:79 -81 -81 -81 -81 -81
00:1d:0f:77:c2:1c -87 -87 -87 -87
