d8:15:0d:9d:d1:be -50 -53 -49 -49 -49 -49 -45 -45 -48 -48
ec:88:8f:c7:07:e6 -59 -59 -59 -59 -60 -60 -60 -60 -58 -58
c6:c6:c6:c6:c6:06 -61 -62 -65 -63 -56 -53 -54 -58 -56 -55
00:21:6a:bd:77:58 -62 -62 -64 -60 -70 -65 -64 -61 -68 -64
c6:c6:c6:c6:c6:01 -60 -63 -57 -56 -53 -52 -58 -57 -55 -58
74:d0:2b:89:83:88 -74 -74 -70 -70 -70 -69 -73 -74 -73 -72
74:d0:2b:89:83:8c -69 -72 -69 -74 -70 -73 -75 -74 -72 -72
00:90:4c:60:00:2c -58 -58 -55 -59 -57 -57 -56 -55 -56 -55
c8:3a:35:16:2b:e8 -55 -55 -55 -47 -51 -44 -40 -40 -49 -41
c6:c6:c6:c6:c6:11 -54 -57 -57 -57 -52 -54 -51 -51 -51 -50
c6:c6:c6:c6:c6:05 -43 -52 -52 -55 -48 -50 -43 -43 -42 -45
28:2c:b2:16:39:fe -86 -86 -86 -86 -87 -87 -85 -85 -85 -85
6c:6c:6c:6c:6c:09 -68 -68 -68 -68 -68 -66 -66 -65 -65 -64
d0:c7:c0:71:74:54 -69 -73 -73 -70 -72 -71 -70 -72 -71 -69
2e:d0:5a:6e:32:85 -79 -80 -82 -82 -81 -80 -84 -85 -89 -85
c6:c6:c6:c6:c6:13 -69 -70 -70 -66 -66 -66 -66 -66 -66 -66
2e:26:c5:8e:ed:ce -86 -86 -86 -88 -87 -88 -88 -82 -86 -83
c6:c6:c6:c6:c6:20 -67 -67 -67 -67 -60 -61 -61 -60 -60 -59
d0:c7:c0:71:5b:76 -68 -61 -61 -61 -61 -60 -63 -64 -64 -64
1c:fa:68:fe:c8:93 -82 -82 -82 -82 -76
80:f6:2e:20:57:21 -92 -92 -92 -92 -92 -92 -90 -90 -92 -92
80:f6:2e:20:57:20 -89 -89 -90 -90 -90 -90 -89 -88 -89 -89
00:90:4c:60:00:1c -73 -76 -81 -81 -81 -80 -80 -82 -82 -82
9c:21:6a:f4:cf:79 -81
80:f6:2e:20:55:31 -84 -84 -84 -85 -87 -86 -86 -86 -85 -83
80:f6:2e:20:55:21 -97 -96 -96 -98 -98 -98 -98 -98 -98 -98
80:f6:2e:20:55:30 -83 -83 -83 -83 -87 -86 -86 -86 -86 -86
80:f6:2e:20:55:20 -95 -94 -94 -94 -94 -94 -94 -94 -94 -94
00:21:6b:91:fb:2b -88 -88 -88 -88 -90 -90 -90 -90 -90 -90
80:f6:2e:20:88:c1 -97 -97 -96 -96 -96 -96 -96 -96 -95 -95
80:f6:2e:20:56:41 -97 -97 -96 -96 -96 -96 -96 -96 -96 -96
80:f6:2e:20:8e:41 -99 -99 -99 -99 -99
80:f6:2e:20:8e:40 -96 -96 -96 -96 -96
80:f6:2e:20:56:40 -96 -96 -96 -96 -97 -97 -97 -97 -97 -97
80:f6:2e:20:88:c0 -96 -96 -96 -96 -97 -97 -97 -97 -96 -96
c6:c6:c6:c6:c6:14 -78 -78 -78 -78 -78 -78
c8:3a:35:2f:e1:b8 -76 -76 -80 -80 -80 -80 -80 -80 -80
d0:c7:c0:71:74:92 -83 -85 -85 -85 -85 -85 -87 -87 -87 -86
a4:99:47:e7:72:c4 -89 -89 -89 -89 -89 -89
80:f6:2e:20:8e:51 -78 -78 -78 -78 -78 -78 -78
80:f6:2e:20:57:11 -91 -91 -91 -91 -91 -91 -91
84:1b:5e:f2:19:78 -96 -96 -96 -96 -96 -96 -96
00:36:76:3b:06:de -77 -76 -76 -76
84:1b:5e:f2:19:79 -83 -83 -83 -83
80:f6:2e:20:58:d1 -81 -81 -81
80:f6:2e:20:90:81 -97 -97 -97
80:f6:2e:20:90:80 -97 -97 -97
2a:5d:60:01:e3:cf -81 -81
