d8:15:0d:9d:d1:be -54 -57 -57 -58 -58 -58 -61 -62 -59 -62
ec:88:8f:c7:07:e6 -72 -72 -72 -72 -72 -69 -69 -69 -69 -69
c6:c6:c6:c6:c6:06 -66 -69 -81 -68 -68 -68 -68 -68 -68 -64
00:21:6a:bd:77:58 -71 -71 -75 -75 -71 -79 -71 -71 -75 -77
c6:c6:c6:c6:c6:01 -74 -65 -65 -64 -60 -60 -63 -63 -63 -60
74:d0:2b:89:83:88 -55 -57 -58 -60 -60 -60 -60 -60 -60 -60
74:d0:2b:89:83:8c -58 -56 -55 -57 -61 -57 -58 -57 -57 -55
00:90:4c:60:00:2c -58 -62 -65 -65 -61 -60 -63 -62 -72 -67
c8:3a:35:16:2b:e8 -60 -63 -63 -59 -61 -66 -58 -56 -59 -71
d0:c7:c0:71:5b:76 -63 -64 -64 -65 -65 -69 -66 -66 -66 -66
c6:c6:c6:c6:c6:11 -52 -54 -54 -54 -63 -63 -64 -64 -60 -57
c6:c6:c6:c6:c6:05 -56 -56 -56 -60 -60 -59 -59 -58 -58 -58
c6:c6:c6:c6:c6:13 -59 -56 -55 -55 -59 -59 -59 -59 -59 -59
6c:6c:6c:6c:6c:09 -53 -60 -60 -60 -59 -58 -58 -58 -58 -62
c6:c6:c6:c6:c6:20 -61 -60 -60 -61 -61 -66 -62 -63 -67 -63
00:90:4c:60:00:1c -81 -78 -75 -75 -75 -79 -80 -75 -79 -79
2e:d0:5a:6e:32:85 -76 -80 -79 -78 -78 -79 -79 -80 -81 -81
d0:c7:c0:71:74:54 -73 -74 -75 -75 -76 -77 -77 -77 -77 -75
28:2c:b2:16:39:fe -75 -77 -77 -77 -80 -81 -81 -81 -82 -82
c6:c6:c6:c6:c6:16 -67 -70 -70 -70 -73 -73 -73 -73 -75 -75
1c:fa:68:fe:c8:93 -83 -83
00:36:76:3b:06:de -84 -84 -84
84:1b:5e:f2:19:79 -85 -85 -85
00:21:6b:91:fb:2b -85 -85 -85 -85 -89 -89 -89 -89 -88 -89
d0:c7:c0:71:74:92 -86 -87 -90 -90 -90 -90 -90 -90 -90 -90
c6:c6:c6:c6:c6:14 -80 -80 -80 -80 -80 -80 -80 -80 -80 -80
c8:3a:35:2f:e1:b8 -92 -92 -92 -92 -92 -92
80:f6:2e:20:58:d0 -76 -76 -76 -76 -76
