d8:15:0d:9d:d1:be -53 -52 -58 -64 -63 -60 -60 -56 -57 -57
ec:88:8f:c7:07:e6 -69 -69 -68 -68 -68 -68 -68 -66 -66 -66
c6:c6:c6:c6:c6:06 -69 -70 -66 -67 -71 -74 -70 -69 -70 -76
00:21:6a:bd:77:58 -72 -75 -75 -71 -69 -69 -80 -81 -74 -76
c6:c6:c6:c6:c6:01 -59 -59 -63 -64 -63 -60 -60 -62 -58 -59
74:d0:2b:89:83:88 -68 -62 -62 -64 -66 -67 -70 -70 -71 -75
74:d0:2b:89:83:8c -63 -63 -63 -65 -65 -65 -63 -63 -62 -62
00:90:4c:60:00:2c -66 -59 -59 -61 -62 -62 -62 -63 -63 -64
c8:3a:35:16:2b:e8 -58 -62 -59 -59 -60 -59 -63 -61 -61 -60
d0:c7:c0:71:5b:76 -67 -67 -67 -73 -73 -73 -73 -69 -69 -69
28:2c:b2:16:39:fe -81 -81 -81 -81 -81 -81 -81 -81 -81 -81
2e:d0:5a:6e:32:85 -80 -80 -80 -77 -76 -79 -79 -79 -79 -79
c6:c6:c6:c6:c6:11 -56 -56 -57 -57 -57 -57 -56 -56 -56 -56
c6:c6:c6:c6:c6:05 -63 -61 -59 -56 -53 -53 -53 -53 -53 -52
c6:c6:c6:c6:c6:13 -62 -61 -61 -61 -62 -62 -62 -61 -61 -62
d0:c7:c0:71:74:54 -70 -70 -70 -70 -70 -80 -80 -80 -80 -80
6c:6c:6c:6c:6c:09 -47 -52 -51 -51 -52 -52 -50 -50 -52 -67
c6:c6:c6:c6:c6:20 -60 -61 -58 -58 -58 -58 -58 -60 -59 -58
00:90:4c:60:00:1c -79 -79 -77 -77 -78 -78 -82 -81 -81 -81
c6:c6:c6:c6:c6:16 -75 -75 -75 -75 -75 -79 -78 -78 -78 -82
00:21:6b:91:fb:2b -85 -85 -85 -85 -85 -85 -85 -85
00:36:76:3b:06:de -83 -83
d0:c7:c0:71:74:92 -85 -85 -85 -87 -87 -87 -87 -87 -87 -87
80:f6:2e:20:8e:50 -80 -80 -80
1c:fa:68:fe:c8:93 -78 -78 -78 -78 -78 -78
a4:99:47:e7:72:c4 -87 -87 -87 -87 -87 -87
80:f6:2e:20:57:20 -97 -97 -97 -97 -97 -97
c6:c6:c6:c6:c6:14 -86 -86 -86 -86 -86 -86 -86 -86
84:1b:5e:f2:19:79 -81 -81 -81 -81 -81 -78 -78
80:f6:2e:20:8e:51 -85 -85 -85 -85 -85
00:25:86:84:8e:aa -78 -84 -86
