d8:15:0d:9d:d1:be -54 -56 -56 -56 -55 -53 -53 -53 -57 -54
ec:88:8f:c7:07:e6 -60 -60 -60 -63 -63 -63 -63 -64 -64 -64
c6:c6:c6:c6:c6:06 -70 -71 -67 -70 -68 -68 -68 -71 -68 -68
00:21:6a:bd:77:58 -66 -70 -73 -69 -67 -68 -69 -64 -66 -70
c6:c6:c6:c6:c6:01 -58 -58 -65 -58 -60 -56 -66 -61 -69 -61
74:d0:2b:89:83:88 -70 -69 -69 -69 -69 -69 -68 -68 -68 -68
74:d0:2b:89:83:8c -79 -76 -76 -77 -76 -75 -77 -78 -76 -75
00:90:4c:60:00:2c -65 -63 -64 -72 -73 -70 -66 -66 -65 -65
c8:3a:35:16:2b:e8 -56 -60 -61 -61 -61 -62 -53 -58 -60 -52
c6:c6:c6:c6:c6:11 -48 -51 -46 -54 -55 -52 -52 -51 -53 -57
6c:6c:6c:6c:6c:09 -65 -65 -65 -65 -65 -65 -69 -65 -63 -70
d0:c7:c0:71:74:54 -79 -78 -78 -77 -75 -75 -75 -75 -75 -76
2e:d0:5a:6e:32:85 -83 -83 -83 -87 -88 -86 -86 -86 -86 -86
c6:c6:c6:c6:c6:13 -71 -68 -63 -63 -66 -66 -66 -66 -66 -66
c6:c6:c6:c6:c6:20 -54 -54 -79 -57 -53 -50 -50 -51 -51 -54
d0:c7:c0:71:5b:76 -72 -64 -64 -64 -68 -68 -66 -67 -67 -67
c6:c6:c6:c6:c6:05 -55 -54 -54 -51 -51 -51 -51 -50 -51 -51
00:90:4c:60:00:1c -78 -78 -78 -76 -77 -77 -77 -77 -77 -77
2e:26:c5:8e:ed:ce -73 -75 -78 -79 -79 -79 -79 -79 -79 -79
1c:fa:68:fe:c8:93 -82 -82 -82 -82 -82 -82 -81 -81 -82
80:f6:2e:20:8e:50 -69 -69 -69 -69 -70 -70 -70 -70 -74 -74
80:f6:2e:20:8e:51 -70 -70 -70 -73 -70 -70 -74 -74 -74 -74
80:f6:2e:20:55:31 -92 -92 -92 -92 -92 -92
80:f6:2e:20:55:30 -91 -91 -91 -95 -95 -95 -95 -95 -95 -95
d0:c7:c0:71:74:92 -90 -90 -90 -90 -91 -87 -89 -89 -89 -89
9c:21:6a:f4:cf:79 -86 -86 -86
00:36:76:3b:06:de -78 -78 -78 -78
c6:c6:c6:c6:c6:14 -81 -81 -81 -81 -81 -81 -81 -81 -80 -80
28:2c:b2:16:39:fe -88 -88 -89 -86 -86 -87 -87 -87 -87 -87
c8:3a:35:2f:e1:b8 -74 -77 -79 -76 -76 -75 -75 -79 -79 -79
00:21:6b:91:fb:2b -90 -90 -90 -90 -90 -90 -90 -90 -90
c6:c6:c6:c6:c6:16 -75 -75 -75 -76 -76 -76 -76 -76 -76 -76
a4:99:47:e7:72:c4 -88 -87 -87 -90 -87 -87 -87 -87 -87 -88
80:f6:2e:20:9a:51 -90 -90 -90 -90 -90 -90 -90
84:1b:5e:f2:19:79 -79 -79 -79 -79 -79 -79 -79
0c:72:2c:7d:27:68 -88 -88 -92 -92 -92 -92 -92 -90
80:f6:2e:20:57:d1 -92 -92 -92 -92 -92 -92 -92
2a:5d:60:01:e3:cf -79 -79 -79 -79
80:f6:2e:20:56:51 -79 -79 -79 -79
