d8:15:0d:9d:d1:be -54 -57 -57 -57 -60 -61 -60 -60 -60 -57
ec:88:8f:c7:07:e6 -65 -69 -69 -69 -69 -69 -71 -71 -71 -71
c6:c6:c6:c6:c6:06 -63 -69 -64 -65 -66 -68 -68 -69 -69 -68
00:21:6a:bd:77:58 -70 -74 -70 -68 -68 -72 -69 -72 -72 -69
c6:c6:c6:c6:c6:01 -67 -65 -58 -57 -57 -69 -63 -59 -58 -62
74:d0:2b:89:83:88 -55 -63 -66 -64 -64 -64 -63 -63 -62 -62
74:d0:2b:89:83:8c -61 -62 -60 -58 -58 -61 -58 -58 -60 -59
00:90:4c:60:00:2c -68 -64 -60 -64 -62 -62 -62 -62 -66 -67
c8:3a:35:16:2b:e8 -61 -58 -60 -62 -61 -58 -60 -60 -60 -59
d0:c7:c0:71:5b:76 -65 -66 -66 -66 -66 -66 -66 -69 -69 -69
2e:d0:5a:6e:32:85 -79 -77 -77 -77 -78 -80 -83 -83 -86 -85
c6:c6:c6:c6:c6:11 -53 -57 -57 -57 -59 -58 -58 -59 -59 -60
c6:c6:c6:c6:c6:05 -63 -60 -60 -60 -60 -60 -56 -59 -59 -59
c6:c6:c6:c6:c6:13 -60 -60 -59 -59 -59 -59 -59 -58 -58 -58
d0:c7:c0:71:74:54 -73 -72 -70 -70 -70 -70 -72 -72 -72 -72
6c:6c:6c:6c:6c:09 -73 -73 -67 -62 -62 -58 -57 -61 -61 -59
c6:c6:c6:c6:c6:20 -57 -65 -70 -70 -70 -70 -70 -74 -74 -70
00:90:4c:60:00:1c -83 -79 -79 -79 -75 -75 -79 -78 -74 -74
c6:c6:c6:c6:c6:16 -76 -73 -73 -73 -72 -75 -71 -71 -71 -70
d0:c7:c0:71:74:92 -87 -87 -87 -87 -87 -89 -89 -90 -90 -91
1c:fa:68:fe:c8:93 -81
80:f6:2e:20:9a:50 -92
28:2c:b2:16:39:fe -76 -76 -76 -78 -78 -78 -78 -78 -78 -79
00:21:6b:91:fb:2b -81 -82 -82 -81 -81 -81 -81 -81 -81 -81
c6:c6:c6:c6:c6:14 -85 -85 -85 -85 -85 -85 -85 -85 -83
c8:3a:35:2f:e1:b8 -83 -83 -83 -83
00:36:76:3b:06:de -87 -87 -87 -87
9c:21:6a:9a:55:88 -74 -74 -74 -76 -73 -73 -73
