d8:15:0d:9d:d1:be -59 -56 -56 -56 -56 -56 -56 -56 -56 -56
ec:88:8f:c7:07:e6 -62 -62 -62 -62 -62 -62 -62 -62 -62 -65
c6:c6:c6:c6:c6:06 -71 -69 -66 -62 -67 -67 -62 -61 -65 -61
00:21:6a:bd:77:58 -66 -66 -66 -66 -67 -67 -66 -66 -65 -67
c6:c6:c6:c6:c6:01 -67 -63 -68 -68 -70 -63 -66 -66 -66 -64
74:d0:2b:89:83:88 -69 -71 -71 -72 -72 -72 -72 -72 -72 -72
74:d0:2b:89:83:8c -79 -80 -80 -79 -79 -79 -79 -79 -79 -79
00:90:4c:60:00:2c -60 -60 -61 -61 -59 -59 -58 -58 -61 -58
c8:3a:35:16:2b:e8 -58 -58 -51 -51 -51 -51 -55 -52 -52 -52
c6:c6:c6:c6:c6:11 -49 -48 -48 -50 -48 -48 -56 -49 -50 -47
6c:6c:6c:6c:6c:09 -69 -68 -68 -67 -67 -67 -67 -71 -68 -66
d0:c7:c0:71:74:54 -77 -75 -77 -75 -75 -75 -77 -77 -77 -77
2e:d0:5a:6e:32:85 -81 -78 -78 -78 -78 -79 -80 -80 -80 -80
c6:c6:c6:c6:c6:13 -72 -67 -67 -67 -67 -66 -66 -66 -66 -66
c6:c6:c6:c6:c6:20 -51 -51 -55 -57 -57 -59 -62 -62 -62 -62
d0:c7:c0:71:5b:76 -70 -69 -69 -69 -69 -69 -67 -65 -69 -65
c6:c6:c6:c6:c6:05 -53 -55 -55 -55 -55 -54 -54 -54 -53 -53
00:90:4c:60:00:1c -73 -69 -70 -69 -69 -69 -68 -68 -71 -70
2e:26:c5:8e:ed:ce -69 -69 -68 -68 -68 -68 -68 -68 -68 -68
28:2c:b2:16:39:fe -85 -85 -85 -85 -85 -85
c8:3a:35:2f:e1:b8 -82 -82 -82 -82 -79 -79 -79 -79 -75 -75
1c:fa:68:fe:c8:93 -80 -80 -80 -80 -80 -80 -80 -80
80:f6:2e:20:56:51 -76 -76
80:f6:2e:20:8e:51 -76 -76 -76 -76 -76 -76 -76 -76 -76 -76
80:f6:2e:20:9a:51 -92 -92
00:25:86:84:8e:aa -87 -87 -87 -87
d0:c7:c0:71:74:92 -91 -91 -91 -91
80:f6:2e:20:55:30 -91 -91 -91 -91 -91 -91 -91 -91
80:f6:2e:20:5a:b1 -88 -88 -88
80:f6:2e:20:5a:b0 -90 -90 -90
80:f6:2e:20:58:d1 -78 -78 -78 -78
9c:21:6a:f4:cf:79 -84 -84 -84 -84 -84 -84 -84 -84
c6:c6:c6:c6:c6:16 -78 -76 -76 -76 -76 -76 -76 -76 -80
a4:99:47:e7:72:c4 -87 -89 -89 -89 -89 -89 -89 -89
84:1b:5e:f2:19:78 -98 -98 -98 -98 -98 -98
80:f6:2e:20:55:31 -94 -94 -94 -94 -94 -94 -94 -94
2a:5d:60:01:e3:cf -72 -75 -75 -75 -75 -75 -75 -72
b8:a3:86:4d:48:60 -90 -90 -90 -90 -90 -90
84:1b:5e:f2:19:79 -80
