d8:15:0d:9d:d1:be -57 -58 -58 -59 -59 -59 -56 -60 -56 -56
ec:88:8f:c7:07:e6 -67 -67 -67 -67 -67 -64 -64 -64 -64 -64
c6:c6:c6:c6:c6:06 -68 -72 -69 -61 -72 -64 -64 -64 -67 -70
00:21:6a:bd:77:58 -78 -76 -84 -76 -79 -75 -79 -73 -78 -80
c6:c6:c6:c6:c6:01 -66 -66 -65 -64 -68 -66 -63 -67 -64 -72
74:d0:2b:89:83:88 -75 -71 -74 -73 -70 -71 -71 -68 -68 -72
74:d0:2b:89:83:8c -70 -70 -76 -76 -76 -77 -76 -70 -77 -77
00:90:4c:60:00:2c -62 -66 -65 -68 -68 -72 -65 -65 -65 -64
c8:3a:35:16:2b:e8 -56 -56 -58 -60 -56 -56 -56 -65 -60 -56
c6:c6:c6:c6:c6:11 -53 -56 -56 -56 -58 -59 -60 -54 -54 -54
6c:6c:6c:6c:6c:09 -74 -74 -76 -76 -72 -77 -69 -69 -67 -67
d0:c7:c0:71:74:54 -84 -81 -78 -70 -70 -79 -79 -79 -79 -79
2e:d0:5a:6e:32:85 -76 -76 -75 -75 -75 -75 -70 -76 -77 -77
c6:c6:c6:c6:c6:13 -70 -70 -70 -70 -70 -70 -70 -70 -70 -72
c6:c6:c6:c6:c6:20 -53 -66 -60 -60 -56 -75 -57 -54 -54 -54
d0:c7:c0:71:5b:76 -65 -65 -72 -70 -70 -70 -70 -70 -76 -76
c6:c6:c6:c6:c6:05 -53 -59 -62 -61 -68 -71 -66 -69 -65 -61
00:90:4c:60:00:1c -72 -72 -72 -69 -72 -73 -73 -73 -72 -69
2e:26:c5:8e:ed:ce -66 -66 -66 -66 -66 -66 -65 -68 -64 -64
c8:3a:35:2f:e1:b8 -74 -74 -75 -75 -77 -79 -77 -75 -76 -80
80:f6:2e:20:8e:51 -77 -77 -77 -77 -77 -77 -81 -78 -78
2a:5d:60:01:e3:cf -71 -71 -71 -71 -71 -71 -71
b8:a3:86:4d:48:60 -93 -93 -93
80:f6:2e:20:57:d1 -90 -90 -90 -90 -90 -90 -90
80:f6:2e:20:57:21 -99
80:f6:2e:20:57:20 -96 -96
1c:fa:68:fe:c8:93 -79 -79 -79 -79 -79 -79 -79 -79 -78 -78
00:1d:0f:77:c2:1c -90 -90
a4:99:47:e7:72:c4 -87 -85 -85 -84 -84 -84 -84 -84 -84 -84
00:21:6b:91:fb:2b -87 -87 -88 -88 -88 -88 -88 -88 -88 -88
d0:c7:c0:71:74:92 -89 -89 -89 -89 -89 -89 -89 -89
80:f6:2e:20:8e:50 -74 -74 -74 -74 -74 -74 -82 -78 -78
0c:72:2c:7d:27:68 -90 -90 -90 -86 -86 -82 -82 -82 -83 -83
80:f6:2e:20:56:51 -77 -77 -77 -77 -77 -77 -77 -77
80:f6:2e:20:55:31 -86 -87 -87 -87 -87 -87 -87 -85 -85 -87
b0:48:7a:3b:a5:3e -91 -91 -91 -91 -91 -91 -91 -91
80:f6:2e:20:90:a1 -97 -97 -97 -97 -97 -97 -97 -97
80:f6:2e:20:56:50 -76 -76 -76 -76 -76 -76 -76 -76
80:f6:2e:20:90:a0 -95 -95 -95 -96 -96 -96 -96 -96 -96 -96
00:36:76:3b:06:de -84 -84 -84 -80 -80 -79 -79 -79 -79
c6:c6:c6:c6:c6:14 -85 -87 -87 -87 -86 -86 -86 -86 -82
80:f6:2e:20:55:30 -87 -87 -87 -87 -87 -87 -87 -87 -87
9c:21:6a:f4:cf:79 -71 -73 -73 -73 -73 -73 -73 -73
80:f6:2e:20:8e:71 -81 -81 -81 -81 -81 -81
84:1b:5e:f2:19:79 -81 -81 -81 -77 -77 -77
80:f6:2e:20:8e:70 -79 -79 -79 -79 -79
00:36:76:0d:f4:0c -88 -88 -88 -90
28:2c:b2:16:39:fe -90 -90 -90
84:1b:5e:f2:19:78 -99 -95 -94
80:f6:2e:20:88:c0 -96 -96 -96
80:f6:2e:20:5a:b1 -84 -84
80:f6:2e:20:55:20 -97 -96
80:f6:2e:20:55:21 -97
