d8:15:0d:9d:d1:be -64 -64 -63 -63 -65 -65 -58 -58 -58 -63
ec:88:8f:c7:07:e6 -71 -71 -71 -71 -71 -72 -72 -72 -72 -72
c6:c6:c6:c6:c6:06 -72 -74 -76 -73 -77 -70 -70 -73 -70 -74
00:21:6a:bd:77:58 -80 -80 -82 -78 -77 -74 -74 -82 -76 -80
c6:c6:c6:c6:c6:01 -63 -63 -63 -63 -64 -68 -65 -65 -69 -65
74:d0:2b:89:83:88 -72 -69 -68 -68 -68 -68 -72 -73 -72 -70
74:d0:2b:89:83:8c -72 -76 -73 -74 -74 -69 -75 -72 -68 -72
00:90:4c:60:00:2c -65 -66 -68 -68 -68 -68 -64 -64 -67 -67
c8:3a:35:16:2b:e8 -67 -67 -70 -70 -66 -62 -68 -77 -70 -65
c6:c6:c6:c6:c6:11 -50 -50 -51 -52 -52 -54 -58 -57 -53 -54
6c:6c:6c:6c:6c:09 -69 -65 -69 -68 -68 -67 -65 -62 -62 -63
d0:c7:c0:71:74:54 -83 -84 -84 -79 -78 -78 -85 -85 -83 -83
2e:d0:5a:6e:32:85 -87 -87 -87 -83 -83 -87 -87 -85 -82 -84
c6:c6:c6:c6:c6:13 -70 -70 -72 -70 -68 -68 -68 -68 -73 -73
c6:c6:c6:c6:c6:20 -72 -72 -64 -68 -67 -63 -55 -67 -67 -56
d0:c7:c0:71:5b:76 -76 -80 -76 -76 -73 -73 -74 -74 -74 -74
c6:c6:c6:c6:c6:05 -59 -61 -57 -55 -55 -57 -61 -58 -61 -57
28:2c:b2:16:39:fe -89 -92 -92 -91 -91 -89 -87 -87 -87 -87
00:90:4c:60:00:1c -73 -76 -76 -75 -75 -75 -80 -73 -76 -82
c6:c6:c6:c6:c6:16 -75 -79 -75 -79 -79 -79 -78 -78 -74 -74
1c:fa:68:fe:c8:93 -82 -82 -86 -86 -86 -86 -86 -86 -86
c6:c6:c6:c6:c6:14 -84 -84 -84 -84 -84 -84 -84 -84 -87
d0:c7:c0:71:74:92 -93 -92 -92 -92 -92 -92 -93 -93 -93 -93
00:21:6b:91:fb:2b -89
2e:26:c5:8e:ed:ce -81 -84 -86 -82 -82 -82 -82 -90 -90 -90
0c:72:2c:7d:27:68 -94
80:f6:2e:20:8e:51 -77 -77 -77 -77 -77 -77 -77 -77 -77 -77
84:1b:5e:f2:19:79 -86 -86 -86
c8:3a:35:2f:e1:b8 -89 -89 -89 -89 -89 -89 -89 -87 -87 -87
80:f6:2e:20:58:d1 -89 -89 -89 -89 -89 -89 -89
d8:15:0d:d4:56:08 -93 -93 -93
80:f6:2e:20:57:21 -98 -97 -97 -97 -97 -97 -97 -97 -97
80:f6:2e:20:57:20 -99 -99 -99 -99 -99 -99 -99 -99
80:f6:2e:20:56:50 -77 -77 -77 -82 -82 -82 -82 -82
00:25:86:84:8e:aa -87 -87 -87 -87 -87 -87 -87
80:f6:2e:20:8e:50 -78 -78 -78 -78 -75 -75 -75
00:36:76:3b:06:de -89 -89 -89 -89
a4:99:47:e7:72:c4 -93 -93 -93
80:f6:2e:20:5a:b0 -93 -93 -93
