d8:15:0d:9d:d1:be -54 -55 -55 -54 -57 -57 -55 -54 -54 -54
ec:88:8f:c7:07:e6 -73 -73 -73 -73 -73 -73 -73 -73 -73 -73
c6:c6:c6:c6:c6:06 -63 -67 -57 -61 -61 -65 -65 -64 -66 -67
00:21:6a:bd:77:58 -78 -74 -74 -74 -74 -74 -82 -82 -82 -78
c6:c6:c6:c6:c6:01 -55 -56 -56 -59 -59 -67 -68 -62 -65 -60
74:d0:2b:89:83:88 -62 -61 -60 -60 -62 -65 -67 -66 -66 -66
74:d0:2b:89:83:8c -65 -65 -65 -65 -65 -65 -65 -65 -63 -63
00:90:4c:60:00:2c -61 -60 -59 -60 -61 -59 -59 -59 -59 -59
c8:3a:35:16:2b:e8 -60 -62 -63 -62 -62 -62 -63 -62 -62 -62
d0:c7:c0:71:5b:76 -62 -58 -62 -62 -62 -62 -62 -63 -63 -63
c6:c6:c6:c6:c6:11 -58 -58 -58 -58 -63 -58 -56 -56 -57 -59
c6:c6:c6:c6:c6:05 -64 -62 -62 -62 -62 -62 -62 -62 -63 -63
c6:c6:c6:c6:c6:13 -65 -63 -63 -63 -65 -66 -66 -66 -66 -65
6c:6c:6c:6c:6c:09 -68 -71 -71 -74 -70 -70 -70 -70 -70 -64
c6:c6:c6:c6:c6:20 -58 -61 -61 -59 -59 -59 -57 -57 -57 -57
00:90:4c:60:00:1c -76 -77 -81 -81 -77 -73 -74 -74 -74 -74
2e:d0:5a:6e:32:85 -78 -78 -78 -80 -80 -80 -80 -80 -80 -80
d0:c7:c0:71:74:54 -76 -76 -76 -78 -77 -76 -75 -75 -75 -75
28:2c:b2:16:39:fe -82 -82 -82 -86 -84 -83 -82 -82 -81 -81
c6:c6:c6:c6:c6:16 -70 -70 -70 -70 -71 -71 -71 -71 -71 -71
00:21:6b:91:fb:2b -86 -86 -86 -86 -86
80:f6:2e:20:8e:51 -76 -76 -78 -78 -78
80:f6:2e:20:58:d1 -77 -77 -77 -73 -73 -73 -73 -73 -73 -73
c6:c6:c6:c6:c6:14 -86 -86
80:f6:2e:20:58:d0 -70 -70
1c:fa:68:fe:c8:93 -84 -84 -84 -84 -84
c8:3a:35:2f:e1:b8 -83 -81 -81 -81 -81 -81 -81 -81 -81
d0:c7:c0:71:74:92 -88 -88 -88 -88 -91 -91 -91 -91 -91 -91
00:25:86:84:8e:aa -84 -84 -84 -84 -84 -84 -83 -83 -83 -83
d8:15:0d:d4:56:08 -91 -91 -91 -91 -91 -91
2a:5d:60:01:e3:cf -85 -85 -85 -85
80:f6:2e:20:8e:50 -78 -78
