d8:15:0d:9d:d1:be -50 -50 -49 -51 -51 -52 -52 -52 -52 -51
ec:88:8f:c7:07:e6 -64 -64 -64 -64 -64 -64 -64 -64 -61 -61
c6:c6:c6:c6:c6:06 -73 -67 -71 -72 -73 -68 -69 -69 -65 -65
00:21:6a:bd:77:58 -71 -71 -79 -75 -71 -73 -70 -68 -72 -73
c6:c6:c6:c6:c6:01 -68 -67 -73 -68 -65 -64 -70 -72 -74 -68
74:d0:2b:89:83:88 -78 -78 -80 -78 -82 -83 -82 -82 -79 -80
74:d0:2b:89:83:8c -74 -77 -78 -80 -77 -77 -77 -77 -78 -78
00:90:4c:60:00:2c -67 -64 -63 -63 -67 -66 -65 -64 -64 -64
c8:3a:35:16:2b:e8 -57 -53 -56 -56 -57 -52 -56 -55 -49 -48
c6:c6:c6:c6:c6:11 -58 -55 -51 -55 -55 -56 -54 -53 -54 -50
6c:6c:6c:6c:6c:09 -66 -66 -71 -66 -69 -67 -67 -67 -67 -67
d0:c7:c0:71:74:54 -84 -84 -84 -84 -84 -84 -82 -82 -82 -82
2e:d0:5a:6e:32:85 -81 -81 -84 -84 -84 -84 -85 -85 -84 -84
c6:c6:c6:c6:c6:13 -68 -68 -67 -67 -67 -67 -67 -67 -67 -68
c6:c6:c6:c6:c6:20 -53 -56 -51 -52 -55 -55 -79 -61 -58 -58
d0:c7:c0:71:5b:76 -69 -69 -67 -67 -65 -65 -65 -65 -65 -69
c6:c6:c6:c6:c6:05 -55 -60 -59 -55 -54 -54 -53 -54 -55 -53
00:90:4c:60:00:1c -72 -76 -82 -75 -75 -74 -74 -74 -76 -76
2e:26:c5:8e:ed:ce -74 -79 -72 -76 -76 -76 -74 -72 -72 -72
80:f6:2e:20:8e:50 -74 -74 -76 -74 -74 -74 -74 -74 -74 -74
80:f6:2e:20:8e:51 -75 -75 -77 -77 -77 -77 -77 -77 -77
28:2c:b2:16:39:fe -87 -87 -87 -87 -88 -88 -87 -87 -87 -87
c8:3a:35:2f:e1:b8 -74 -70 -70 -70 -76 -77 -77 -77 -72 -71
a4:99:47:e7:72:c4 -88 -86 -86 -90 -90 -90 -90 -90
80:f6:2e:20:57:d1 -90 -90 -90 -90
1c:fa:68:fe:c8:93 -86 -86 -86 -86 -86 -86 -86 -80 -80 -80
80:f6:2e:20:57:d0 -93
80:f6:2e:20:57:21 -98 -98 -98 -98 -98 -98 -98
80:f6:2e:20:57:20 -95 -95 -95 -95 -95 -95 -95
c6:c6:c6:c6:c6:16 -75 -75 -75 -75
00:36:76:3b:06:de -79 -79 -79
84:1b:5e:f2:19:79 -73 -73 -73 -73
9c:21:6a:f4:cf:79 -84 -84 -84 -84 -84 -84 -88 -88 -88 -88
80:f6:2e:20:56:51 -72 -69 -72 -72 -72 -72 -80 -80 -80 -80
80:f6:2e:20:56:50 -72 -70 -74 -74 -74 -74 -74 -74 -74
c6:c6:c6:c6:c6:14 -87 -87 -87 -87 -87 -87 -87
d0:c7:c0:71:74:92 -91 -91 -91 -91 -91 -91 -91
d8:15:0d:2d:bb:4e -93 -93 -93 -93 -93 -93
80:f6:2e:20:9a:51 -89 -89 -89 -89 -89
00:25:86:84:8e:aa -90 -90 -90 -90 -90
80:f6:2e:20:55:31 -93 -93
