d8:15:0d:9d:d1:be -53 -57 -55 -53 -53 -53 -53 -56 -58 -57
ec:88:8f:c7:07:e6 -68 -68 -68 -68 -67 -67 -67 -67 -67 -68
c6:c6:c6:c6:c6:06 -70 -70 -73 -74 -74 -71 -75 -71 -68 -69
00:21:6a:bd:77:58 -72 -72 -71 -73 -77 -76 -83 -78 -78 -75
c6:c6:c6:c6:c6:01 -62 -62 -60 -64 -62 -63 -67 -61 -63 -63
74:d0:2b:89:83:88 -65 -65 -70 -68 -72 -71 -67 -69 -65 -63
74:d0:2b:89:83:8c -66 -65 -64 -64 -64 -64 -62 -63 -64 -68
00:90:4c:60:00:2c -60 -60 -64 -64 -62 -63 -61 -63 -62 -61
c8:3a:35:16:2b:e8 -57 -62 -62 -58 -58 -58 -57 -64 -65 -61
c6:c6:c6:c6:c6:11 -58 -58 -59 -55 -54 -53 -52 -57 -59 -58
6c:6c:6c:6c:6c:09 -65 -65 -61 -60 -62 -62 -60 -66 -66 -66
d0:c7:c0:71:74:54 -79 -79 -79 -79 -79 -79 -84 -78 -82 -82
2e:d0:5a:6e:32:85 -81 -83 -85 -84 -84 -83 -81 -83 -81 -82
c6:c6:c6:c6:c6:13 -70 -66 -68 -70 -68 -68 -68 -75 -69 -69
c6:c6:c6:c6:c6:20 -62 -61 -59 -62 -64 -67 -67 -63 -63 -59
d0:c7:c0:71:74:92 -89 -89 -89 -89 -89 -89 -89
d0:c7:c0:71:5b:76 -68 -66 -67 -67 -68 -68 -67 -65 -65 -67
c6:c6:c6:c6:c6:05 -65 -65 -65 -61 -60 -64 -62 -61 -57 -56
28:2c:b2:16:39:fe -83 -83 -89 -89 -89 -89 -89 -89 -89 -89
00:90:4c:60:00:1c -75 -75 -82 -82 -82 -82 -82 -79 -78 -78
c6:c6:c6:c6:c6:16 -74 -74 -79 -79 -77 -77 -77 -77 -77 -77
a4:99:47:e7:72:c4 -93 -93 -93
80:f6:2e:20:55:31 -93 -92 -92 -91 -91 -91 -91 -91 -92 -92
80:f6:2e:20:56:50 -83 -83 -83 -83
1c:fa:68:fe:c8:93 -81 -81 -81 -87 -87 -87 -88 -88 -88 -87
80:f6:2e:20:55:30 -90 -93 -93 -92 -92 -92 -91 -91 -91 -91
c8:3a:35:2f:e1:b8 -84 -84 -84 -84 -84 -84 -84
80:f6:2e:20:5a:b1 -88 -88 -88 -88 -88 -88 -88
80:f6:2e:20:8e:51 -78 -78 -78 -78 -78 -78 -78 -78
2a:5d:60:01:e3:cf -81 -81 -81 -81 -81
c6:c6:c6:c6:c6:14 -79 -79 -79
