d8:15:0d:9d:d1:be -54 -54 -51 -52 -52 -56 -52 -52 -51 -51
ec:88:8f:c7:07:e6 -67 -67 -68 -68 -68 -68 -69 -69 -69 -69
c6:c6:c6:c6:c6:06 -74 -72 -71 -72 -68 -72 -69 -67 -70 -70
00:21:6a:bd:77:58 -69 -69 -72 -70 -71 -67 -71 -71 -70 -70
c6:c6:c6:c6:c6:01 -62 -58 -59 -58 -58 -55 -63 -65 -56 -54
74:d0:2b:89:83:88 -71 -71 -72 -72 -72 -72 -74 -72 -72 -71
74:d0:2b:89:83:8c -67 -75 -77 -77 -76 -80 -77 -76 -76 -77
00:90:4c:60:00:2c -70 -63 -61 -59 -60 -62 -62 -58 -58 -59
c8:3a:35:16:2b:e8 -58 -63 -55 -58 -54 -54 -54 -58 -58 -54
c6:c6:c6:c6:c6:11 -43 -43 -43 -43 -41 -41 -41 -41 -42 -42
6c:6c:6c:6c:6c:09 -71 -67 -67 -67 -72 -68 -68 -68 -74 -74
d0:c7:c0:71:74:54 -79 -79 -72 -72 -72 -72 -72 -71 -71 -71
2e:d0:5a:6e:32:85 -81 -82 -80 -79 -79 -79 -79 -79 -80 -80
c6:c6:c6:c6:c6:13 -74 -71 -70 -70 -70 -70 -70 -70 -72 -72
c6:c6:c6:c6:c6:20 -60 -60 -63 -61 -57 -82 -60 -60 -57 -61
d0:c7:c0:71:5b:76 -76 -76 -76 -70 -67 -67 -65 -67 -67 -67
c6:c6:c6:c6:c6:05 -61 -61 -56 -56 -56 -57 -57 -57 -57 -57
28:2c:b2:16:39:fe -88 -88 -88 -88 -88 -88 -88
00:90:4c:60:00:1c -70 -70 -81 -83 -83 -83 -83 -78 -78 -78
c6:c6:c6:c6:c6:16 -80 -80 -80 -80 -80 -80 -80
2e:26:c5:8e:ed:ce -70 -67 -69 -69 -69 -69 -69 -69 -70 -69
c8:3a:35:2f:e1:b8 -81 -81 -81 -81 -81 -81 -81
80:f6:2e:20:56:50 -79 -79
1c:fa:68:fe:c8:93 -81 -81 -74 -71 -71 -71 -72 -74 -82 -82
80:f6:2e:20:8e:50 -78 -78 -78 -78 -78 -77 -77 -77 -77 -79
00:36:76:3b:06:de -82 -82 -82 -82
c6:c6:c6:c6:c6:14 -87 -82 -85
84:1b:5e:f2:19:79 -85 -85 -85 -85 -85 -85 -85
80:f6:2e:20:57:20 -97 -97 -97
80:f6:2e:20:8e:51 -79 -79 -79 -75 -75 -75 -75 -77 -77 -78
80:f6:2e:20:55:21 -99 -99 -99 -99 -99 -99
80:f6:2e:20:55:31 -91 -91 -91 -91 -91 -93 -93 -93 -93 -93
80:f6:2e:20:55:30 -90 -90 -90 -90 -90 -93 -93 -92 -92 -92
d0:c7:c0:71:74:92 -90 -90 -90 -90 -90 -90 -90 -90
d8:15:0d:d4:56:08 -93 -93 -93 -93 -93 -93 -93
9c:21:6a:f4:cf:79 -86 -86 -86 -86 -86 -86
80:f6:2e:20:56:51 -85
