d8:15:0d:9d:d1:be -55 -56 -58 -57 -57 -57 -57 -57 -57 -57
ec:88:8f:c7:07:e6 -67 -67 -69 -69 -69 -69 -67 -67 -67 -67
c6:c6:c6:c6:c6:06 -68 -68 -66 -67 -70 -65 -66 -62 -66 -65
00:21:6a:bd:77:58 -72 -72 -71 -75 -77 -81 -76 -75 -72 -72
c6:c6:c6:c6:c6:01 -71 -68 -66 -70 -66 -67 -69 -69 -65 -65
74:d0:2b:89:83:88 -75 -73 -75 -74 -73 -73 -74 -77 -76 -74
74:d0:2b:89:83:8c -76 -76 -69 -77 -75 -75 -73 -77 -80 -79
00:90:4c:60:00:2c -64 -68 -65 -67 -63 -63 -62 -62 -65 -66
c8:3a:35:16:2b:e8 -62 -61 -57 -60 -59 -57 -57 -59 -62 -59
c6:c6:c6:c6:c6:11 -52 -52 -57 -53 -50 -48 -48 -50 -48 -50
6c:6c:6c:6c:6c:09 -67 -67 -67 -71 -71 -70 -69 -72 -71 -71
d0:c7:c0:71:74:54 -83 -83 -79 -79 -79 -79 -79 -85 -77 -75
2e:d0:5a:6e:32:85 -86 -86 -84 -84 -84 -84 -83 -85 -85 -86
c6:c6:c6:c6:c6:13 -70 -70 -69 -69 -69 -72 -76 -74 -74 -74
c6:c6:c6:c6:c6:20 -53 -50 -49 -55 -56 -57 -73 -58 -58 -54
d0:c7:c0:71:5b:76 -67 -68 -68 -68 -68 -70 -70 -73 -73 -72
c6:c6:c6:c6:c6:05 -58 -58 -66 -62 -60 -58 -57 -59 -59 -59
00:90:4c:60:00:1c -79 -75 -72 -68 -72 -70 -80 -76 -76 -76
2e:26:c5:8e:ed:ce -65 -63 -67 -69 -72 -72 -66 -68 -68 -67
c8:3a:35:2f:e1:b8 -79 -79 -75 -79 -79 -79 -78 -74 -75 -72
1c:fa:68:fe:c8:93 -78 -78 -79 -82 -75 -77 -77 -77 -77 -77
a4:99:47:e7:72:c4 -86 -86 -86 -84 -84 -84 -84 -84 -84 -87
0c:72:2c:7d:27:68 -87 -87 -88 -88 -88 -88 -88 -88 -88
80:f6:2e:20:55:31 -91 -91 -91 -91 -91 -91 -91 -91 -91 -91
80:f6:2e:20:90:a0 -94 -94 -94 -94
c6:c6:c6:c6:c6:14 -82 -82 -82 -85 -84 -84 -84 -84 -84 -84
80:f6:2e:20:55:30 -86 -86 -86 -88 -89 -89 -89 -89 -91 -90
9c:21:6a:f4:cf:79 -80 -80 -80 -80 -80 -80
00:36:76:0d:f4:0c -90
80:f6:2e:20:8e:51 -77 -77 -77 -79 -79 -79 -79 -79 -79 -79
84:1b:5e:f2:19:78 -99 -99 -99 -99 -99 -99 -99 -99 -99 -99
80:f6:2e:20:8e:50 -78 -78 -78 -76 -76 -76 -76 -76 -76 -76
80:f6:2e:20:5a:b1 -85 -85 -85
80:f6:2e:20:55:20 -96
80:f6:2e:20:55:21 -97
80:f6:2e:20:90:a1 -95 -95 -95 -95
80:f6:2e:20:5a:b0 -84 -84 -84
2a:5d:60:01:e3:cf -74 -74 -74 -76 -76 -78 -78 -78 -71 -74
80:f6:2e:20:8e:41 -97 -97 -97 -97 -97 -97
80:f6:2e:20:57:d1 -91 -91 -91 -91
80:f6:2e:20:57:21 -96 -96 -96 -96
80:f6:2e:20:8e:40 -96 -96 -96 -96 -96 -96
80:f6:2e:20:57:20 -99 -99 -99 -99
b8:a3:86:4d:48:60 -89 -89 -89 -89 -89 -89
80:f6:2e:20:90:b1 -87 -87 -87 -87 -87 -87 -87
80:f6:2e:20:56:50 -74 -74 -74 -74 -74 -74 -74
80:f6:2e:20:58:d1 -81 -81 -81 -81 -81 -81 -81 -83 -83 -83
84:1b:5e:f2:19:79 -83 -83 -83 -83 -83 -83 -83
00:36:76:3b:06:de -81 -81 -81 -81 -81 -81 -78 -78
80:f6:2e:20:56:51 -78 -78 -78 -78 -78 -78 -78
28:2c:b2:16:39:fe -89 -89 -89 -89
d0:c7:c0:71:74:92 -91 -88 -88 -88
c6:c6:c6:c6:c6:16 -82 -82 -82
