d8:15:0d:9d:d1:be -56 -56 -56 -60 -60 -60 -60 -58 -58 -59
ec:88:8f:c7:07:e6 -68 -68 -68 -71 -71 -71 -71 -71 -71 -71
c6:c6:c6:c6:c6:06 -59 -72 -64 -63 -71 -70 -65 -68 -68 -63
00:21:6a:bd:77:58 -70 -76 -76 -78 -78 -86 -86 -78 -78 -78
c6:c6:c6:c6:c6:01 -61 -69 -65 -68 -72 -62 -66 -68 -63 -66
74:d0:2b:89:83:88 -61 -65 -64 -60 -59 -63 -65 -64 -63 -65
74:d0:2b:89:83:8c -68 -75 -66 -69 -70 -71 -73 -69 -72 -73
00:90:4c:60:00:2c -62 -59 -60 -60 -62 -60 -60 -61 -60 -61
c8:3a:35:16:2b:e8 -58 -61 -65 -68 -68 -65 -61 -65 -66 -66
d0:c7:c0:71:5b:76 -68 -65 -69 -71 -71 -68 -66 -68 -68 -68
c6:c6:c6:c6:c6:11 -55 -56 -58 -59 -62 -58 -58 -59 -59 -59
c6:c6:c6:c6:c6:05 -62 -66 -66 -66 -66 -74 -74 -70 -69 -69
c6:c6:c6:c6:c6:13 -64 -64 -60 -57 -57 -60 -60 -59 -59 -60
6c:6c:6c:6c:6c:09 -53 -63 -59 -55 -55 -59 -57 -57 -55 -58
c6:c6:c6:c6:c6:20 -64 -66 -64 -67 -63 -63 -65 -68 -65 -61
00:90:4c:60:00:1c -69 -73 -78 -75 -76 -76 -79 -78 -77 -76
2e:d0:5a:6e:32:85 -73 -78 -81 -81 -80 -80 -78 -78 -78 -78
d0:c7:c0:71:74:54 -71 -71 -83 -85 -84 -87 -83 -82 -80 -80
28:2c:b2:16:39:fe -78 -80 -83 -82 -81 -82 -85 -84 -84 -84
c6:c6:c6:c6:c6:16 -74 -81 -81 -85 -85 -80 -80 -80 -80 -80
1c:fa:68:fe:c8:93 -85 -85
c6:c6:c6:c6:c6:14 -86 -86 -86 -89 -89
00:21:6b:91:fb:2b -84 -84 -87 -87 -87 -87 -87 -87 -87 -87
c8:3a:35:2f:e1:b8 -75 -75 -75 -75
00:25:86:84:8e:aa -90
80:f6:2e:20:58:d0 -85 -85
d0:c7:c0:71:74:92 -84 -84 -84 -88 -88 -88 -90 -90 -90 -90
9c:21:6a:9a:55:88 -83 -83 -83 -80 -83 -83 -83 -83 -83 -83
80:f6:2e:20:8e:51 -83 -83 -83 -83 -83 -83 -83 -83
00:36:76:3b:06:de -84 -84 -84 -84 -84 -84 -84 -84
