d8:15:0d:9d:d1:be -61 -61 -61 -60 -57 -57 -57 -61 -61 -60
ec:88:8f:c7:07:e6 -63 -63 -63 -63 -66 -66 -66 -66 -69 -69
c6:c6:c6:c6:c6:06 -71 -71 -75 -70 -77 -75 -71 -70 -73 -74
00:21:6a:bd:77:58 -74 -69 -73 -76 -72 -71 -76 -72 -70 -71
c6:c6:c6:c6:c6:01 -62 -60 -61 -65 -71 -64 -63 -65 -65 -71
74:d0:2b:89:83:88 -66 -68 -65 -68 -70 -72 -72 -68 -68 -68
74:d0:2b:89:83:8c -67 -68 -71 -68 -68 -68 -68 -66 -66 -66
00:90:4c:60:00:2c -62 -62 -66 -66 -66 -65 -67 -67 -64 -63
c8:3a:35:16:2b:e8 -61 -66 -62 -66 -67 -66 -66 -66 -63 -59
c6:c6:c6:c6:c6:11 -53 -51 -57 -52 -51 -51 -52 -54 -52 -52
6c:6c:6c:6c:6c:09 -66 -66 -66 -63 -63 -64 -65 -69 -69 -66
d0:c7:c0:71:74:54 -82 -82 -81 -78 -78 -80 -80 -80 -84 -84
2e:d0:5a:6e:32:85 -80 -80 -82 -78 -78 -83 -83 -83 -79 -78
c6:c6:c6:c6:c6:13 -73 -73 -74 -74 -70 -70 -71 -71 -73 -72
c6:c6:c6:c6:c6:20 -53 -53 -53 -51 -49 -73 -53 -57 -57 -53
d0:c7:c0:71:5b:76 -69 -70 -70 -70 -70 -73 -73 -69 -69 -69
c6:c6:c6:c6:c6:05 -62 -64 -59 -59 -57 -55 -56 -56 -56 -56
00:90:4c:60:00:1c -73 -78 -78 -82 -79 -77 -78 -72 -73 -73
2e:26:c5:8e:ed:ce -86 -84 -76 -80 -87 -88 -91 -86 -88 -89
80:f6:2e:20:55:31 -89 -92 -92 -92 -92 -92 -92 -92
80:f6:2e:20:55:30 -87
c6:c6:c6:c6:c6:14 -82 -85 -88 -88 -88 -88 -88 -88 -88
28:2c:b2:16:39:fe -81 -81 -81 -81 -82 -86 -86 -86 -86 -84
84:1b:5e:f2:19:79 -84 -84 -84
d0:c7:c0:71:74:92 -91 -91 -91 -91 -93 -93
d8:15:0d:d4:56:08 -93 -93 -93 -93
80:f6:2e:20:55:f0 -87 -87 -87 -87
c6:c6:c6:c6:c6:16 -77 -81 -80 -80 -74 -72 -76 -77 -79 -78
c8:3a:35:2f:e1:b8 -86 -86 -86 -86 -86 -81 -81 -81 -81 -75
80:f6:2e:20:58:d1 -78 -78 -78 -78 -78 -76 -76 -76 -74
80:f6:2e:20:8e:51 -88 -88 -88 -88 -87 -87 -87 -87 -87
1c:fa:68:fe:c8:93 -86 -83 -83 -83 -83 -83 -83
9c:21:6a:9a:55:88 -87 -87 -87 -87 -87 -87
80:f6:2e:20:57:20 -98 -98 -98 -98 -98
80:f6:2e:20:8e:50 -88 -88 -88
