d8:15:0d:9d:d1:be -58 -54 -54 -54 -55 -55 -53 -53 -55 -51
ec:88:8f:c7:07:e6 -71 -71 -71 -72 -72 -72 -72 -72 -71 -71
c6:c6:c6:c6:c6:06 -70 -67 -67 -68 -72 -74 -74 -78 -68 -72
00:21:6a:bd:77:58 -79 -75 -71 -71 -71 -71 -71 -70 -74 -67
c6:c6:c6:c6:c6:01 -60 -65 -60 -64 -63 -65 -57 -62 -62 -66
74:d0:2b:89:83:88 -73 -73 -69 -71 -69 -69 -69 -72 -72 -70
74:d0:2b:89:83:8c -67 -66 -70 -66 -67 -65 -69 -65 -65 -69
00:90:4c:60:00:2c -65 -61 -63 -67 -60 -59 -60 -71 -63 -60
c8:3a:35:16:2b:e8 -64 -62 -62 -62 -62 -62 -62 -64 -63 -60
d0:c7:c0:71:5b:76 -66 -64 -64 -64 -63 -64 -64 -64 -60 -64
2e:d0:5a:6e:32:85 -80 -76 -72 -72 -74 -74 -74 -75 -75 -75
c6:c6:c6:c6:c6:11 -53 -51 -52 -52 -55 -56 -56 -54 -53 -55
c6:c6:c6:c6:c6:05 -64 -64 -64 -60 -61 -64 -64 -60 -60 -64
c6:c6:c6:c6:c6:13 -65 -65 -64 -61 -61 -62 -62 -62 -62 -61
d0:c7:c0:71:74:54 -83 -83 -81 -81 -81 -81 -81 -80 -80 -80
6c:6c:6c:6c:6c:09 -56 -55 -59 -59 -57 -57 -57 -57 -58 -58
c6:c6:c6:c6:c6:20 -64 -64 -64 -72 -72 -72 -67 -65 -62 -61
00:90:4c:60:00:1c -71 -67 -68 -67 -72 -66 -67 -67 -67 -64
c6:c6:c6:c6:c6:16 -78 -73 -73 -73 -70 -70 -70 -70 -65 -68
d0:c7:c0:71:74:92 -91 -87 -87 -89 -89 -92 -92 -92 -92 -89
28:2c:b2:16:39:fe -79 -78 -79 -79 -79 -79 -80 -80 -80 -78
00:21:6b:91:fb:2b -89 -89 -89 -89 -89 -89 -89 -89 -89 -89
c6:c6:c6:c6:c6:14 -91 -91 -91 -91 -89 -89 -89 -89 -89 -89
c8:3a:35:2f:e1:b8 -83 -83 -83 -83 -83 -85 -85 -85
9c:21:6a:f4:cf:79 -89 -89 -89 -89
80:f6:2e:20:58:d0 -83 -83 -83 -85 -86 -86 -86 -86 -86 -86
80:f6:2e:20:8e:50 -78 -78 -78 -78 -78
80:f6:2e:20:9a:50 -92 -92 -92 -92 -92 -92 -92 -92
00:1d:0f:77:c2:1c -90 -90 -90 -90
