d8:15:0d:9d:d1:be -57 -57 -51 -51 -52 -54 -55 -55 -56 -56
ec:88:8f:c7:07:e6 -59 -59 -59 -63 -63 -63 -63 -63 -65 -65
c6:c6:c6:c6:c6:06 -67 -63 -64 -63 -61 -67 -68 -67 -62 -62
00:21:6a:bd:77:58 -74 -73 -72 -73 -75 -78 -75 -72 -75 -73
c6:c6:c6:c6:c6:01 -64 -64 -64 -66 -67 -63 -67 -68 -64 -60
74:d0:2b:89:83:88 -71 -69 -69 -69 -72 -70 -68 -72 -70 -70
74:d0:2b:89:83:8c -75 -77 -69 -68 -76 -77 -75 -75 -77 -79
00:90:4c:60:00:2c -64 -64 -64 -65 -72 -72 -69 -62 -61 -57
c8:3a:35:16:2b:e8 -51 -52 -51 -51 -51 -56 -54 -56 -56 -60
c6:c6:c6:c6:c6:11 -52 -53 -48 -46 -48 -53 -56 -55 -51 -50
6c:6c:6c:6c:6c:09 -70 -71 -73 -73 -73 -69 -68 -68 -68 -68
d0:c7:c0:71:74:54 -80 -76 -75 -79 -80 -80 -77 -77 -77 -77
2e:d0:5a:6e:32:85 -77 -76 -79 -79 -79 -80 -81 -83 -83 -83
c6:c6:c6:c6:c6:13 -68 -73 -73 -74 -82 -75 -71 -75 -71 -71
c6:c6:c6:c6:c6:20 -51 -54 -54 -51 -54 -50 -50 -74 -57 -55
d0:c7:c0:71:5b:76 -70 -70 -66 -67 -65 -69 -69 -73 -73 -73
c6:c6:c6:c6:c6:05 -55 -52 -52 -54 -54 -54 -54 -54 -54 -53
00:90:4c:60:00:1c -74 -73 -75 -75 -79 -80 -82 -78 -78 -77
2e:26:c5:8e:ed:ce -71 -73 -72 -69 -69 -69 -69 -70 -67 -66
c8:3a:35:2f:e1:b8 -78 -78 -78 -78 -82 -82 -82 -74 -74
80:f6:2e:20:55:31 -91 -91 -91 -91 -91 -91 -91 -91
80:f6:2e:20:55:30 -91 -91 -91 -91 -91 -91 -91 -93 -93 -93
1c:fa:68:fe:c8:93 -83 -83 -84 -84 -84 -84 -84 -84 -84
28:2c:b2:16:39:fe -83 -83 -85 -85 -85 -85 -87 -90 -90 -90
c6:c6:c6:c6:c6:14 -82 -82 -82 -82 -82 -81 -81 -81 -81 -81
a4:99:47:e7:72:c4 -88 -88 -88 -88
2a:5d:60:01:e3:cf -81 -81 -81 -81 -81 -81 -81 -81
64:27:37:25:a5:e1 -85 -85 -85 -85 -85 -85
00:21:6b:91:fb:2b -90 -90 -90 -90 -90 -90 -90
00:1d:0f:77:c2:1c -84 -84 -84 -84 -84 -84 -84 -84
80:f6:2e:20:8e:50 -80 -80 -80 -80 -80 -80 -80 -80
00:36:76:3b:06:de -83 -83 -83 -83 -83 -83 -83
c6:c6:c6:c6:c6:16 -84 -84 -80 -80 -80
9c:21:6a:f4:cf:79 -84 -84
