d8:15:0d:9d:d1:be -55 -56 -56 -59 -59 -59 -59 -60 -58 -57
ec:88:8f:c7:07:e6 -64 -64 -64 -64 -63 -63 -63 -63 -63 -63
c6:c6:c6:c6:c6:06 -65 -62 -61 -63 -71 -75 -69 -69 -68 -67
00:21:6a:bd:77:58 -72 -72 -70 -70 -70 -70 -71 -69 -65 -68
c6:c6:c6:c6:c6:01 -60 -64 -65 -62 -58 -61 -61 -61 -57 -61
74:d0:2b:89:83:88 -67 -73 -68 -68 -67 -67 -68 -70 -70 -67
74:d0:2b:89:83:8c -68 -67 -67 -67 -66 -66 -66 -67 -68 -67
00:90:4c:60:00:2c -71 -63 -65 -79 -67 -66 -72 -64 -64 -64
c8:3a:35:16:2b:e8 -58 -61 -60 -58 -56 -56 -56 -58 -57 -57
c6:c6:c6:c6:c6:11 -44 -41 -42 -44 -48 -47 -47 -47 -55 -48
6c:6c:6c:6c:6c:09 -69 -69 -69 -69 -68 -68 -69 -69 -68 -69
d0:c7:c0:71:74:54 -76 -76 -76 -78 -76 -76 -76 -76 -76 -76
2e:d0:5a:6e:32:85 -84 -84 -84 -84 -84 -86 -86 -84 -84 -84
c6:c6:c6:c6:c6:13 -73 -71 -71 -71 -71 -69 -69 -69 -70 -70
c6:c6:c6:c6:c6:20 -50 -52 -56 -56 -55 -53 -53 -53 -53 -54
d0:c7:c0:71:5b:76 -72 -72 -68 -68 -68 -66 -66 -66 -69 -69
c6:c6:c6:c6:c6:05 -61 -59 -56 -56 -56 -56 -56 -56 -56 -56
00:90:4c:60:00:1c -79 -75 -76 -74 -72 -71 -70 -69 -69 -69
2e:26:c5:8e:ed:ce -75 -76 -72 -72 -74 -74 -73 -75 -75 -75
c6:c6:c6:c6:c6:16 -80 -73 -73 -73 -73 -73 -73 -73
d0:c7:c0:71:74:92 -90 -90 -90
c8:3a:35:2f:e1:b8 -85 -85 -85 -85 -85
28:2c:b2:16:39:fe -86 -86 -86 -87 -87
80:f6:2e:20:55:31 -86 -86 -86 -88 -88 -86 -86 -86 -88 -87
80:f6:2e:20:55:30 -89 -89 -88 -88 -87 -87 -87 -87 -87 -88
80:f6:2e:20:58:d0 -81 -81 -81 -81 -81
80:f6:2e:20:57:d1 -91
80:f6:2e:20:57:d0 -93
80:f6:2e:20:58:d1 -82 -82 -82 -82 -82
00:36:76:3b:06:de -86 -86 -86 -86 -86 -86 -86 -86
80:f6:2e:20:8e:51 -81 -81 -81 -81 -81
c6:c6:c6:c6:c6:14 -81 -81 -81 -81 -81
1c:fa:68:fe:c8:93 -81 -81 -81 -81
80:f6:2e:20:56:51 -79
