d8:15:0d:9d:d1:be -51 -52 -53 -53 -53 -54 -55 -57 -58 -58
ec:88:8f:c7:07:e6 -70 -70 -70 -70 -70 -67 -67 -67 -67 -67
c6:c6:c6:c6:c6:06 -68 -69 -72 -76 -72 -72 -77 -77 -71 -76
00:21:6a:bd:77:58 -73 -69 -72 -72 -72 -75 -77 -77 -77 -77
c6:c6:c6:c6:c6:01 -59 -60 -61 -60 -61 -63 -65 -60 -62 -61
74:d0:2b:89:83:88 -67 -67 -72 -75 -77 -77 -77 -77 -76 -76
74:d0:2b:89:83:8c -68 -76 -78 -75 -75 -77 -69 -71 -74 -74
00:90:4c:60:00:2c -63 -59 -64 -64 -64 -64 -65 -65 -62 -61
c8:3a:35:16:2b:e8 -65 -65 -64 -64 -60 -67 -60 -67 -63 -63
c6:c6:c6:c6:c6:11 -47 -48 -48 -47 -49 -48 -49 -51 -51 -52
6c:6c:6c:6c:6c:09 -63 -63 -60 -61 -62 -62 -60 -60 -62 -64
d0:c7:c0:71:74:54 -82 -80 -82 -82 -84 -84 -84 -84 -84 -84
2e:d0:5a:6e:32:85 -80 -78 -78 -79 -79 -81 -81 -81 -81 -81
c6:c6:c6:c6:c6:13 -66 -63 -67 -67 -65 -65 -65 -65 -68 -68
c6:c6:c6:c6:c6:20 -66 -74 -65 -61 -61 -62 -63 -63 -64 -65
d0:c7:c0:71:5b:76 -65 -69 -65 -65 -65 -65 -63 -63 -63 -61
c6:c6:c6:c6:c6:05 -59 -59 -59 -63 -62 -65 -62 -59 -60 -60
00:90:4c:60:00:1c -82 -81 -81 -77 -77 -83 -80 -76 -76 -72
2e:26:c5:8e:ed:ce -78 -78 -85 -89 -89 -89 -88 -88 -87 -87
28:2c:b2:16:39:fe -88 -88 -83 -83 -83 -83 -83 -83 -83 -83
c6:c6:c6:c6:c6:16 -79 -78 -78 -78 -78 -78 -77 -75 -77 -77
c8:3a:35:2f:e1:b8 -85 -85 -85 -78 -79 -80 -80 -84 -84 -84
80:f6:2e:20:58:d1 -74 -74 -74 -74 -74 -74 -74 -74
80:f6:2e:20:8e:51 -82 -82 -82 -82 -82 -82 -82
1c:fa:68:fe:c8:93 -80 -79 -85 -85 -85 -85 -85 -85 -85 -85
80:f6:2e:20:8e:50 -88 -88 -88 -88 -88 -84 -84 -84
d0:c7:c0:71:74:92 -85 -85 -93 -93 -92 -92 -92 -92 -92 -92
80:f6:2e:20:58:d0 -75 -75 -75 -75 -75 -75 -75 -75
0c:72:2c:7d:27:68 -93 -93
80:f6:2e:20:55:30 -91 -91 -91 -91
9c:21:6a:f4:cf:79 -89 -89 -84 -84 -84 -84 -84 -84 -84 -84
00:25:86:84:8e:aa -90 -90 -90 -90 -90
c6:c6:c6:c6:c6:14 -86 -86 -86 -86 -86 -86 -86 -87 -87 -87
d8:15:0d:d4:56:08 -93 -93 -93 -93 -93 -93 -93 -93
80:f6:2e:20:56:50 -81 -81 -81 -81 -81 -81 -81 -81
80:f6:2e:20:9a:51 -89 -89 -89 -89 -89 -90
80:f6:2e:20:9a:50 -86 -86 -86 -86 -86 -86
