d8:15:0d:9d:d1:be -53 -56 -56 -56 -55 -52 -51 -51 -51 -51
ec:88:8f:c7:07:e6 -67 -67 -67 -67 -67 -65 -65 -65 -65 -60
c6:c6:c6:c6:c6:06 -75 -67 -68 -65 -64 -62 -62 -62 -61 -60
00:21:6a:bd:77:58 -66 -70 -69 -67 -73 -69 -69 -67 -65 -65
c6:c6:c6:c6:c6:01 -59 -68 -67 -66 -64 -62 -64 -64 -62 -65
74:d0:2b:89:83:88 -67 -68 -74 -75 -71 -75 -77 -75 -75 -75
74:d0:2b:89:83:8c -75 -72 -72 -72 -69 -75 -75 -77 -77 -73
00:90:4c:60:00:2c -59 -58 -55 -55 -58 -59 -59 -59 -59 -59
c8:3a:35:16:2b:e8 -56 -55 -54 -54 -57 -55 -56 -60 -57 -57
c6:c6:c6:c6:c6:11 -51 -45 -42 -42 -42 -46 -45 -55 -47 -47
6c:6c:6c:6c:6c:09 -66 -66 -66 -67 -64 -64 -64 -65 -66 -66
d0:c7:c0:71:74:54 -79 -79 -83 -83 -84 -80 -80 -80 -80 -79
2e:d0:5a:6e:32:85 -80 -82 -79 -84 -80 -82 -83 -83 -83 -83
c6:c6:c6:c6:c6:13 -74 -70 -70 -70 -70 -70 -70 -70 -70 -71
c6:c6:c6:c6:c6:20 -56 -63 -63 -62 -56 -56 -56 -79 -62 -62
d0:c7:c0:71:5b:76 -75 -75 -75 -67 -65 -69 -70 -70 -70 -72
c6:c6:c6:c6:c6:05 -60 -60 -60 -60 -59 -59 -58 -58 -58 -58
00:90:4c:60:00:1c -69 -73 -73 -70 -70 -70 -78 -73 -71 -71
2e:26:c5:8e:ed:ce -78 -78 -75 -79 -74 -77 -77 -79 -80 -76
28:2c:b2:16:39:fe -90 -90 -90 -90 -87 -87 -91 -91 -91
c6:c6:c6:c6:c6:14 -79 -79 -79 -79 -79 -79 -79 -79
c6:c6:c6:c6:c6:16 -81 -81 -81 -81 -75 -75 -80 -80 -80 -80
d8:15:0d:2d:bb:4e -92 -92 -92
d0:c7:c0:71:74:92 -93 -93 -90 -85 -85 -90 -88 -88 -87 -87
1c:fa:68:fe:c8:93 -80 -80 -80 -80 -80 -80 -80
80:f6:2e:20:56:50 -85 -85 -85 -85 -85 -85 -85
80:f6:2e:20:5a:b1 -91 -91 -91 -91 -91 -91 -91
80:f6:2e:20:57:21 -98 -98 -98 -98 -98 -98 -98
80:f6:2e:20:57:20 -96 -96 -96 -96 -96 -96 -96
c8:3a:35:2f:e1:b8 -73 -73 -73 -73 -70 -74 -74 -74
00:36:76:3b:06:de -88 -88 -88 -88 -88 -88 -88
9c:21:6a:f4:cf:79 -86 -86 -86 -86 -86 -86
80:f6:2e:20:55:31 -89 -89 -89 -89
80:f6:2e:20:55:30 -89 -89 -89 -89
80:f6:2e:20:56:51 -84 -84 -84
80:f6:2e:20:58:d0 -72 -72 -74
2a:5d:60:01:e3:cf -76
