d8:15:0d:9d:d1:be -55 -53 -50 -50 -55 -50 -49 -49 -49 -48
ec:88:8f:c7:07:e6 -68 -68 -68 -68 -65 -65 -65 -65 -58 -58
c6:c6:c6:c6:c6:06 -63 -65 -66 -66 -66 -66 -70 -70 -72 -72
00:21:6a:bd:77:58 -68 -71 -69 -72 -74 -73 -74 -74 -68 -74
c6:c6:c6:c6:c6:01 -66 -69 -64 -64 -62 -60 -60 -62 -59 -62
74:d0:2b:89:83:88 -70 -72 -72 -70 -68 -72 -74 -74 -75 -75
74:d0:2b:89:83:8c -81 -82 -78 -77 -76 -73 -73 -75 -76 -77
00:90:4c:60:00:2c -64 -64 -63 -63 -64 -64 -64 -63 -63 -63
c8:3a:35:16:2b:e8 -55 -60 -56 -54 -59 -61 -59 -59 -63 -65
c6:c6:c6:c6:c6:11 -53 -53 -52 -51 -49 -56 -48 -46 -49 -46
6c:6c:6c:6c:6c:09 -69 -73 -70 -70 -67 -67 -67 -71 -71 -70
d0:c7:c0:71:74:54 -76 -73 -76 -77 -77 -77 -76 -76 -76 -76
2e:d0:5a:6e:32:85 -82 -83 -84 -86 -84 -84 -84 -84 -84 -85
c6:c6:c6:c6:c6:13 -68 -68 -69 -70 -70 -70 -70 -70 -70 -71
c6:c6:c6:c6:c6:20 -76 -54 -54 -54 -47 -47 -52 -52 -52 -73
d0:c7:c0:71:5b:76 -68 -65 -67 -67 -71 -71 -70 -70 -69 -69
c6:c6:c6:c6:c6:05 -57 -57 -56 -58 -56 -55 -55 -53 -53 -53
00:90:4c:60:00:1c -76 -76 -76 -76 -76 -78 -78 -82 -82 -82
2e:26:c5:8e:ed:ce -69 -67 -78 -74 -75 -75 -76 -78 -77 -76
c8:3a:35:2f:e1:b8 -77 -77 -74 -70 -76 -77 -77 -75 -75 -75
1c:fa:68:fe:c8:93 -83 -83 -83 -83 -84 -84 -84 -84 -83
a4:99:47:e7:72:c4 -87 -84 -84 -86 -86 -86 -86 -86 -86 -86
80:f6:2e:20:55:31 -84 -84 -88 -88 -91 -91 -89 -89 -89 -89
80:f6:2e:20:55:30 -84 -85 -89 -86 -84 -84 -88 -88 -88 -89
00:36:76:3b:06:de -87 -81 -81 -81 -81 -81 -81 -81
9c:21:6a:f4:cf:79 -86 -80 -80 -80 -80 -80 -84
80:f6:2e:20:8e:51 -79 -79 -79 -79 -79 -79
c6:c6:c6:c6:c6:16 -85 -85 -85 -78 -78 -78 -76 -79 -79 -79
b8:a3:86:4d:48:60 -92 -92 -92 -92 -92
2a:5d:60:01:e3:cf -82 -82 -89 -89 -89 -89 -89 -89 -89
80:f6:2e:20:8e:50 -77 -77 -77 -77 -77 -75 -75 -75 -75 -75
00:36:76:0d:f4:0c -91 -91 -91 -91 -91 -91
80:f6:2e:20:55:21 -99 -99 -99 -99 -99 -99 -99
80:f6:2e:20:9a:51 -89 -89 -89 -89 -89 -89 -89
00:21:6b:91:fb:2b -90 -90 -90 -90 -90 -90
0c:72:2c:7d:27:68 -92 -92 -92 -92 -92 -92
d0:c7:c0:71:74:92 -87 -87 -87 -87 -87
28:2c:b2:16:39:fe -88 -88 -86 -86 -86
80:f6:2e:20:55:20 -98 -98 -98 -96 -96
c6:c6:c6:c6:c6:14 -80 -80 -80
