d8:15:0d:9d:d1:be -62 -62 -61 -61 -62 -61 -62 -62 -61 -61
ec:88:8f:c7:07:e6 -74 -74 -74 -74 -73 -73 -73 -73 -73 -73
c6:c6:c6:c6:c6:06 -75 -75 -68 -67 -70 -74 -68 -67 -75 -79
00:21:6a:bd:77:58 -75 -79 -82 -78 -78 -84 -84 -80 -80 -80
c6:c6:c6:c6:c6:01 -63 -70 -64 -67 -68 -68 -67 -67 -74 -66
74:d0:2b:89:83:88 -69 -69 -70 -72 -74 -74 -74 -77 -71 -70
74:d0:2b:89:83:8c -77 -77 -77 -83 -80 -76 -77 -78 -78 -77
00:90:4c:60:00:2c -69 -66 -68 -82 -74 -67 -67 -66 -68 -66
c8:3a:35:16:2b:e8 -65 -63 -63 -63 -64 -64 -65 -65 -65 -62
d0:c7:c0:71:5b:76 -69 -69 -69 -69 -67 -65 -65 -66 -63 -63
c6:c6:c6:c6:c6:11 -54 -53 -53 -57 -57 -57 -57 -55 -53 -54
c6:c6:c6:c6:c6:05 -64 -64 -61 -60 -60 -60 -59 -59 -59 -59
c6:c6:c6:c6:c6:13 -71 -71 -74 -74 -74 -71 -71 -71 -71 -71
6c:6c:6c:6c:6c:09 -69 -66 -62 -60 -59 -61 -61 -60 -62 -67
c6:c6:c6:c6:c6:20 -65 -65 -65 -65 -65 -65 -67 -67 -67 -66
00:90:4c:60:00:1c -74 -77 -66 -65 -69 -69 -73 -70 -66 -70
d0:c7:c0:71:74:54 -77 -79 -80 -80 -79 -79 -80 -80 -80 -79
2e:d0:5a:6e:32:85 -84 -88 -88 -88 -87 -87 -84 -84 -84 -84
c6:c6:c6:c6:c6:16 -86 -86 -86 -86 -85 -85 -85 -85 -85 -85
28:2c:b2:16:39:fe -90 -90 -88 -87 -87 -87 -88 -88 -88 -90
d0:c7:c0:71:74:92 -92 -91 -89 -89 -89 -87 -86 -86 -86 -88
80:f6:2e:20:55:31 -92 -95 -95 -95 -95 -95 -95 -95 -95
c8:3a:35:2f:e1:b8 -80 -80 -80 -80 -80 -78 -78 -80 -82 -82
80:f6:2e:20:8e:51 -89 -89 -89 -89
d8:15:0d:d4:56:08 -89 -89 -92 -92 -92 -90 -90 -90 -90 -90
00:25:86:84:8e:aa -89 -89 -89 -89
80:f6:2e:20:8e:50 -87 -87 -87 -87
00:21:6b:91:fb:2b -88 -88 -88 -88 -88
c6:c6:c6:c6:c6:14 -88 -88 -85 -85 -85 -87 -87 -87 -87 -87
a4:99:47:e7:72:c4 -92 -92 -92 -92 -92 -92 -91 -91 -91
84:1b:5e:f2:19:79 -85 -85 -85 -85 -85 -85 -85 -85
