d8:15:0d:9d:d1:be -58 -58 -55 -54 -54 -54 -54 -52 -53 -54
ec:88:8f:c7:07:e6 -66 -66 -66 -69 -69 -69 -69 -69 -69 -69
c6:c6:c6:c6:c6:06 -70 -71 -73 -74 -74 -81 -82 -75 -75 -75
00:21:6a:bd:77:58 -72 -76 -73 -77 -81 -81 -81 -81 -81 -78
c6:c6:c6:c6:c6:01 -68 -67 -67 -68 -72 -72 -69 -68 -71 -71
74:d0:2b:89:83:88 -69 -69 -69 -69 -71 -71 -71 -68 -68 -68
74:d0:2b:89:83:8c -76 -79 -79 -76 -76 -75 -75 -75 -75 -72
00:90:4c:60:00:2c -66 -78 -67 -68 -68 -69 -69 -69 -66 -64
c8:3a:35:16:2b:e8 -65 -62 -62 -74 -67 -67 -67 -70 -71 -71
d0:c7:c0:71:5b:76 -68 -68 -68 -68 -68 -69 -69 -69 -69 -68
c6:c6:c6:c6:c6:11 -56 -56 -61 -59 -59 -59 -58 -59 -61 -60
c6:c6:c6:c6:c6:05 -60 -68 -69 -72 -72 -74 -74 -69 -69 -69
c6:c6:c6:c6:c6:13 -74 -72 -72 -72 -75 -75 -74 -73 -74 -74
6c:6c:6c:6c:6c:09 -70 -70 -70 -70 -70 -68 -69 -72 -73 -70
c6:c6:c6:c6:c6:20 -65 -62 -66 -71 -68 -68 -67 -67 -68 -69
00:90:4c:60:00:1c -74 -71 -71 -71 -71 -71 -71 -73 -79 -73
c8:3a:35:2f:e1:b8 -83 -83 -90 -90 -88 -88
d0:c7:c0:71:74:54 -80 -80 -81 -81 -82 -82 -83 -83 -83 -83
2e:d0:5a:6e:32:85 -86 -82 -81 -80 -85 -85 -87 -83 -79 -79
c6:c6:c6:c6:c6:14 -92 -92 -92 -90 -90 -91 -91 -91
c6:c6:c6:c6:c6:16 -86 -86 -86 -86 -86 -86 -86 -86 -86 -76
28:2c:b2:16:39:fe -85 -86 -86 -86 -88 -88 -88 -88 -89 -89
d0:c7:c0:71:74:92 -87 -91 -91 -91 -91 -91 -90 -90 -90 -91
80:f6:2e:20:8e:51 -88 -90 -90 -90 -90 -90 -90 -90 -90
1c:fa:68:fe:c8:93 -90 -90 -90 -90 -90 -90 -90
84:1b:5e:f2:19:79 -89 -89 -89 -89 -89 -89
80:f6:2e:20:55:31 -93 -93 -93 -93 -94 -94
80:f6:2e:20:55:30 -93 -93 -93 -93 -93 -93
9c:21:6a:f4:cf:79 -87 -87 -87 -87 -87
