d8:15:0d:9d:d1:be -64 -62 -62 -64 -65 -65 -64 -64 -59 -62
ec:88:8f:c7:07:e6 -69 -69 -68 -68 -68 -68 -68 -68 -68 -68
c6:c6:c6:c6:c6:06 -72 -74 -74 -78 -75 -79 -75 -77 -74 -74
00:21:6a:bd:77:58 -79 -75 -76 -74 -74 -74 -77 -74 -75 -77
c6:c6:c6:c6:c6:01 -65 -66 -69 -66 -65 -67 -67 -68 -64 -69
74:d0:2b:89:83:88 -66 -64 -61 -66 -64 -64 -63 -63 -63 -63
74:d0:2b:89:83:8c -69 -73 -73 -73 -73 -73 -73 -73 -77 -77
00:90:4c:60:00:2c -68 -69 -65 -65 -66 -66 -66 -66 -67 -73
c8:3a:35:16:2b:e8 -68 -72 -65 -63 -63 -62 -65 -63 -63 -63
d0:c7:c0:71:5b:76 -68 -68 -68 -68 -68 -68 -68 -68 -68 -69
2e:d0:5a:6e:32:85 -79 -79 -78 -78 -79 -79 -79 -79 -81 -80
c6:c6:c6:c6:c6:11 -57 -56 -56 -57 -58 -58 -57 -57 -57 -57
c6:c6:c6:c6:c6:05 -65 -66 -67 -67 -67 -68 -66 -65 -65 -66
c6:c6:c6:c6:c6:13 -64 -64 -68 -70 -69 -68 -70 -70 -70 -79
d0:c7:c0:71:74:54 -85 -81 -77 -77 -76 -76 -76 -76 -76 -77
6c:6c:6c:6c:6c:09 -61 -61 -56 -57 -58 -59 -58 -57 -59 -60
c6:c6:c6:c6:c6:20 -70 -68 -68 -68 -72 -70 -68 -67 -69 -69
00:90:4c:60:00:1c -73 -68 -67 -67 -68 -68 -68 -68 -69 -67
c6:c6:c6:c6:c6:16 -71 -68 -68 -68 -68 -69 -69 -68 -70 -67
d0:c7:c0:71:74:92 -86 -94 -88 -89 -89 -89 -90 -90 -90 -90
28:2c:b2:16:39:fe -81 -81 -81 -81 -81 -81 -85 -86 -86 -86
00:21:6b:91:fb:2b -88 -86 -85 -86 -84 -84 -86 -86 -87 -85
00:1d:0f:77:c2:1c -90
c8:3a:35:2f:e1:b8 -81 -81 -81 -81 -81 -81 -81
84:1b:5e:f2:19:79 -88 -88 -88
00:25:86:84:8e:aa -92 -92 -92 -92
80:f6:2e:20:9a:51 -93 -93 -93 -93
80:f6:2e:20:57:21 -97 -97 -97 -97 -97 -97 -97
80:f6:2e:20:57:20 -96 -96 -96 -96 -96 -96 -96
9c:21:6a:9a:55:88 -80 -80 -80 -80 -80 -80 -80 -80
1c:fa:68:fe:c8:93 -88 -88 -88 -88 -85 -86 -86 -86 -86
80:f6:2e:20:9a:50 -91 -91 -91 -91 -91 -91 -91 -91 -91
c6:c6:c6:c6:c6:14 -83 -83 -86 -86 -86 -86 -86
1c:fa:68:50:a2:22 -78 -78 -78 -78
80:f6:2e:20:55:31 -92 -92
80:f6:2e:20:55:30 -93 -93
