d8:15:0d:9d:d1:be -61 -63 -63 -58 -58 -59 -59 -59 -61 -61
ec:88:8f:c7:07:e6 -77 -77 -75 -75 -75 -75 -75 -71 -71 -71
c6:c6:c6:c6:c6:06 -73 -69 -71 -72 -72 -72 -74 -73 -70 -71
00:21:6a:bd:77:58 -72 -73 -77 -74 -74 -75 -76 -73 -73 -81
c6:c6:c6:c6:c6:01 -63 -65 -67 -68 -66 -72 -68 -68 -64 -64
74:d0:2b:89:83:88 -71 -72 -71 -72 -72 -73 -74 -74 -76 -76
74:d0:2b:89:83:8c -76 -76 -78 -78 -81 -77 -77 -79 -78 -78
00:90:4c:60:00:2c -67 -68 -65 -69 -69 -71 -67 -66 -66 -66
c8:3a:35:16:2b:e8 -62 -62 -61 -61 -62 -62 -62 -61 -61 -60
d0:c7:c0:71:5b:76 -70 -66 -70 -70 -70 -73 -73 -73 -73 -73
c6:c6:c6:c6:c6:11 -48 -46 -50 -56 -56 -54 -52 -52 -52 -56
c6:c6:c6:c6:c6:05 -60 -59 -59 -60 -60 -60 -59 -57 -58 -58
c6:c6:c6:c6:c6:13 -75 -71 -71 -71 -71 -78 -78 -74 -74 -70
6c:6c:6c:6c:6c:09 -70 -69 -74 -74 -74 -74 -74 -74 -74 -75
c6:c6:c6:c6:c6:20 -76 -76 -80 -78 -78 -78 -78 -76 -78 -78
00:90:4c:60:00:1c -70 -72 -73 -73 -74 -74 -73 -74 -76 -76
c8:3a:35:2f:e1:b8 -85 -81 -81 -81 -81 -81 -81 -81 -81 -81
c6:c6:c6:c6:c6:16 -86 -86 -86 -86 -86 -86 -86 -86
d0:c7:c0:71:74:54 -84 -84 -84 -84 -84 -82 -82 -82 -82 -82
2e:d0:5a:6e:32:85 -86 -86 -86 -86 -88 -88 -88 -88 -88 -88
28:2c:b2:16:39:fe -87 -87 -87 -87 -91 -91 -91 -91 -91 -91
2a:5d:60:01:e3:cf -87 -87
00:36:76:3b:06:de -88 -88 -88
c6:c6:c6:c6:c6:14 -89 -93 -93 -93 -93 -93 -93 -93 -93 -92
d0:c7:c0:71:74:92 -93 -93 -93 -92 -92 -92 -92 -92 -92 -92
84:1b:5e:f2:19:79 -86 -86 -86 -86 -86 -86 -86 -86
1c:fa:68:fe:c8:93 -91 -91 -91
