d8:15:0d:9d:d1:be -56 -53 -56 -56 -55 -56 -56 -56 -56 -55
ec:88:8f:c7:07:e6 -70 -70 -70 -70 -70 -70 -70 -70 -70 -70
c6:c6:c6:c6:c6:06 -72 -68 -70 -67 -70 -70 -70 -73 -73 -72
00:21:6a:bd:77:58 -80 -82 -76 -77 -77 -77 -77 -77 -77 -80
c6:c6:c6:c6:c6:01 -66 -66 -65 -66 -65 -63 -69 -69 -67 -67
74:d0:2b:89:83:88 -67 -68 -69 -69 -69 -69 -69 -68 -68 -68
74:d0:2b:89:83:8c -75 -75 -73 -74 -74 -72 -74 -72 -74 -75
00:90:4c:60:00:2c -63 -69 -64 -64 -64 -67 -70 -71 -71 -67
c8:3a:35:16:2b:e8 -63 -63 -71 -65 -68 -64 -64 -64 -64 -65
d0:c7:c0:71:5b:76 -64 -62 -72 -72 -72 -65 -69 -69 -74 -72
2e:d0:5a:6e:32:85 -81 -80 -79 -81 -81 -80 -80 -82 -82 -82
c6:c6:c6:c6:c6:11 -60 -60 -59 -59 -59 -59 -59 -59 -59 -58
c6:c6:c6:c6:c6:05 -62 -62 -62 -62 -64 -63 -63 -61 -61 -61
c6:c6:c6:c6:c6:13 -66 -66 -66 -66 -66 -66 -66 -66 -66 -66
d0:c7:c0:71:74:54 -79 -83 -81 -81 -81 -80 -81 -81 -81 -81
6c:6c:6c:6c:6c:09 -64 -63 -62 -62 -62 -62 -62 -64 -64 -64
c6:c6:c6:c6:c6:20 -76 -68 -69 -69 -69 -69 -69 -69 -69 -68
00:90:4c:60:00:1c -79 -69 -67 -67 -67 -66 -62 -67 -68 -67
c6:c6:c6:c6:c6:16 -77 -77 -77 -77 -78 -78 -78 -78 -78 -79
d0:c7:c0:71:74:92 -90 -89 -89 -89 -89 -87 -87 -87 -87 -87
28:2c:b2:16:39:fe -83 -83 -81 -83 -83 -83 -83 -83 -83 -83
00:21:6b:91:fb:2b -84 -85 -83 -83 -83 -83 -83 -83 -83 -84
c8:3a:35:2f:e1:b8 -76 -78 -78 -80 -80 -79 -77 -79 -79 -79
00:36:76:3b:06:de -92 -92 -92 -92 -92 -92 -92
c6:c6:c6:c6:c6:14 -90 -90 -90 -90 -90 -91 -91 -91 -91 -91
9c:21:6a:9a:55:88 -86 -86 -84 -84 -84 -84 -84 -84
d8:15:0d:d4:56:08 -92 -92 -92 -92 -92 -92 -92 -92
1c:fa:68:fe:c8:93 -88 -88 -88 -88 -88
80:f6:2e:20:8e:50 -88 -88 -88 -88
00:1d:0f:77:c2:1c -90 -90 -90
