d8:15:0d:9d:d1:be -60 -60 -62 -58 -61 -61 -61 -60 -60 -59
ec:88:8f:c7:07:e6 -72 -72 -72 -72 -72 -73 -73 -73 -73 -73
c6:c6:c6:c6:c6:06 -73 -78 -77 -80 -74 -76 -74 -74 -78 -71
00:21:6a:bd:77:58 -78 -74 -75 -78 -78 -82 -80 -81 -81 -80
c6:c6:c6:c6:c6:01 -69 -70 -71 -75 -68 -68 -68 -70 -71 -70
74:d0:2b:89:83:88 -77 -65 -67 -66 -64 -64 -65 -65 -65 -67
74:d0:2b:89:83:8c -82 -79 -79 -80 -84 -85 -81 -81 -80 -80
00:90:4c:60:00:2c -85 -69 -64 -71 -67 -66 -66 -66 -65 -65
c8:3a:35:16:2b:e8 -77 -64 -66 -67 -60 -61 -61 -69 -62 -62
d0:c7:c0:71:5b:76 -70 -72 -69 -68 -68 -71 -74 -73 -73 -73
c6:c6:c6:c6:c6:11 -64 -61 -61 -61 -60 -58 -58 -59 -62 -63
c6:c6:c6:c6:c6:05 -60 -60 -60 -61 -61 -59 -59 -59 -59 -63
c6:c6:c6:c6:c6:13 -70 -70 -70 -69 -73 -73 -73 -73 -73 -73
6c:6c:6c:6c:6c:09 -71 -71 -62 -64 -60 -65 -67 -67 -71 -73
c6:c6:c6:c6:c6:20 -71 -66 -68 -68 -69 -67 -67 -67 -65 -66
00:90:4c:60:00:1c -68 -77 -73 -77 -81 -78 -75 -73 -71 -69
c6:c6:c6:c6:c6:16 -78 -78 -78 -81 -76 -76 -77 -80 -82 -82
c8:3a:35:2f:e1:b8 -80 -84 -84 -84 -83 -83 -83 -83 -84 -80
2e:d0:5a:6e:32:85 -87 -86 -84 -84 -80 -84 -81 -79 -79 -79
1c:fa:68:fe:c8:93 -90
d0:c7:c0:71:74:54 -83 -83 -83 -83 -85 -85 -86 -89 -88 -88
d0:c7:c0:71:74:92 -90 -90 -90 -90 -89 -89 -91 -89 -90 -90
28:2c:b2:16:39:fe -84 -81 -81 -81 -81 -81 -83 -87 -84 -84
2a:5d:60:01:e3:cf -78 -78 -75 -81 -81 -81 -81 -81
00:21:6b:91:fb:2b -89 -88 -88 -88 -88 -88 -88 -88
d8:15:0d:d4:56:08 -91 -91 -91 -91 -91 -91
c6:c6:c6:c6:c6:14 -92 -92 -92
80:f6:2e:20:8e:51 -88 -88
