d8:15:0d:9d:d1:be -61 -59 -59 -59 -60 -62 -59 -58 -59 -59
ec:88:8f:c7:07:e6 -73 -73 -73 -73 -72 -72 -72 -72 -72 -72
c6:c6:c6:c6:c6:06 -70 -71 -80 -72 -69 -70 -70 -70 -76 -76
00:21:6a:bd:77:58 -72 -74 -70 -74 -75 -75 -75 -75 -77 -75
c6:c6:c6:c6:c6:01 -66 -68 -68 -68 -68 -72 -69 -69 -71 -67
74:d0:2b:89:83:88 -68 -72 -76 -79 -78 -78 -78 -85 -79 -79
74:d0:2b:89:83:8c -80 -77 -84 -79 -75 -79 -80 -80 -84 -81
00:90:4c:60:00:2c -62 -65 -65 -65 -65 -68 -68 -68 -70 -72
c8:3a:35:16:2b:e8 -61 -57 -64 -66 -66 -60 -60 -62 -66 -63
d0:c7:c0:71:5b:76 -63 -63 -70 -69 -68 -66 -66 -66 -71 -69
c6:c6:c6:c6:c6:11 -57 -54 -54 -54 -54 -51 -52 -56 -55 -53
c6:c6:c6:c6:c6:05 -65 -61 -61 -61 -60 -62 -62 -62 -62 -66
c6:c6:c6:c6:c6:13 -63 -65 -65 -65 -65 -64 -64 -66 -66 -65
6c:6c:6c:6c:6c:09 -62 -59 -60 -69 -69 -61 -61 -61 -58 -58
c6:c6:c6:c6:c6:20 -69 -71 -71 -69 -69 -69 -71 -72 -71 -71
00:90:4c:60:00:1c -62 -65 -69 -68 -68 -68 -68 -68 -67 -67
d0:c7:c0:71:74:54 -75 -75 -75 -83 -86 -86 -86 -86 -86
2e:d0:5a:6e:32:85 -78 -78 -78 -81 -81 -81 -81 -81 -82
c6:c6:c6:c6:c6:16 -81 -81 -82 -82 -82 -82 -80 -80 -80 -80
28:2c:b2:16:39:fe -86 -86 -86 -84 -84 -86 -86 -86 -86 -87
d0:c7:c0:71:74:92 -85 -85 -85 -86 -86 -88 -88 -88 -88 -87
c8:3a:35:2f:e1:b8 -82 -82 -84 -84 -83 -83 -83 -83 -83 -81
00:36:76:3b:06:de -83 -83 -83 -83 -83 -83 -83 -83
c6:c6:c6:c6:c6:14 -88 -88 -88 -88 -88 -83 -83 -83 -86
80:f6:2e:20:8e:51 -86 -86 -86 -86 -86 -89 -89 -89
00:25:86:84:8e:aa -88 -88 -88 -88 -88 -88 -88
84:1b:5e:f2:19:79 -91 -91 -91 -91 -91 -93 -93
9c:21:6a:f4:cf:79 -89 -89 -89 -89 -89 -89
1c:fa:68:50:a2:22 -87 -87 -90 -90
9c:21:6a:9a:55:88 -90 -90
