d8:15:0d:9d:d1:be -65 -65 -65 -69 -69 -70 -68 -67 -67 -66
ec:88:8f:c7:07:e6 -81 -81 -75 -75 -75 -75 -75 -73 -73 -73
c6:c6:c6:c6:c6:06 -76 -72 -80 -77 -79 -79 -71 -69 -69 -78
00:21:6a:bd:77:58 -82 -86 -84 -79 -79 -80 -79 -82 -85 -82
c6:c6:c6:c6:c6:01 -74 -69 -68 -71 -71 -70 -69 -68 -73 -70
74:d0:2b:89:83:88 -71 -71 -75 -75 -77 -77 -80 -80 -80 -79
74:d0:2b:89:83:8c -76 -77 -77 -75 -75 -76 -72 -74 -75 -75
00:90:4c:60:00:2c -66 -68 -70 -68 -71 -70 -71 -72 -72 -72
c8:3a:35:16:2b:e8 -68 -71 -71 -72 -73 -68 -67 -67 -71 -68
d0:c7:c0:71:5b:76 -81 -81 -73 -70 -73 -73 -73 -77 -73 -73
c6:c6:c6:c6:c6:11 -51 -50 -50 -50 -54 -54 -54 -56 -55 -55
c6:c6:c6:c6:c6:05 -69 -66 -71 -69 -69 -66 -66 -67 -67 -67
c6:c6:c6:c6:c6:13 -75 -79 -79 -79 -73 -72 -70 -69 -70 -70
6c:6c:6c:6c:6c:09 -73 -69 -69 -64 -61 -61 -62 -62 -63 -65
c6:c6:c6:c6:c6:20 -74 -74 -79 -79 -74 -73 -72 -74 -74 -74
00:90:4c:60:00:1c -67 -71 -68 -66 -66 -66 -66 -67 -67 -66
c8:3a:35:2f:e1:b8 -77 -77 -77 -77 -77 -77 -74 -78 -77 -77
c6:c6:c6:c6:c6:16 -82 -83 -83 -83 -83 -86 -86 -86 -86 -86
d0:c7:c0:71:74:54 -82 -86 -86 -86 -86 -86 -84 -86 -86 -86
2e:d0:5a:6e:32:85 -87 -87 -89 -89 -89 -89 -84 -84 -84 -84
28:2c:b2:16:39:fe -85 -89 -86 -86 -86 -86 -86 -86 -86 -86
d0:c7:c0:71:74:92 -91 -88 -89 -89 -89 -89 -89 -89 -89 -89
c6:c6:c6:c6:c6:14 -89 -89 -90 -90 -90 -90 -90 -90 -90 -90
0c:72:2c:7d:27:68 -90 -90 -90 -90 -90
84:1b:5e:f2:19:79 -91 -91 -91 -91 -91
80:f6:2e:20:58:d0 -84 -84 -84 -84 -84
00:36:76:3b:06:de -90 -90 -90 -90 -90 -90 -87 -87 -87 -87
80:f6:2e:20:56:51 -93 -93 -93 -93 -93 -93 -93 -93
00:21:6b:91:fb:2b -90 -89 -89 -89 -89 -91 -91 -91 -91
2a:5d:60:01:e3:cf -85 -85 -85 -85 -84 -84 -84 -87
a4:99:47:e7:72:c4 -92 -92 -92 -92 -92 -92 -92 -92
80:f6:2e:20:8e:51 -89
80:f6:2e:20:8e:50 -88
