d8:15:0d:9d:d1:be -65 -65 -61 -61 -61 -62 -61 -61 -59 -59
ec:88:8f:c7:07:e6 -76 -76 -76 -76 -76 -76 -76 -76 -76 -72
c6:c6:c6:c6:c6:06 -75 -74 -74 -73 -73 -73 -69 -74 -69 -69
00:21:6a:bd:77:58 -78 -82 -86 -83 -83 -77 -77 -77 -77 -71
c6:c6:c6:c6:c6:01 -71 -72 -68 -66 -70 -72 -72 -72 -70 -69
74:d0:2b:89:83:88 -75 -75 -76 -76 -76 -76 -77 -77 -77 -72
74:d0:2b:89:83:8c -77 -76 -79 -79 -80 -80 -76 -77 -75 -75
00:90:4c:60:00:2c -65 -68 -70 -71 -69 -69 -69 -64 -66 -68
c8:3a:35:16:2b:e8 -61 -66 -66 -74 -64 -63 -63 -66 -63 -64
d0:c7:c0:71:5b:76 -70 -67 -67 -68 -70 -71 -71 -68 -68 -69
c6:c6:c6:c6:c6:11 -60 -60 -60 -62 -60 -60 -59 -57 -57 -57
c6:c6:c6:c6:c6:05 -63 -61 -61 -61 -61 -61 -60 -64 -61 -61
c6:c6:c6:c6:c6:13 -69 -69 -64 -64 -63 -64 -64 -66 -64 -63
6c:6c:6c:6c:6c:09 -58 -58 -58 -60 -60 -63 -63 -62 -61 -61
c6:c6:c6:c6:c6:20 -80 -77 -77 -76 -76 -76 -72 -72 -72 -72
00:90:4c:60:00:1c -69 -66 -65 -67 -65 -63 -63 -63 -63 -66
c6:c6:c6:c6:c6:16 -70 -70 -76 -76 -77 -78 -76 -76 -76 -76
28:2c:b2:16:39:fe -85 -85 -86 -86 -83 -83 -83 -81 -81 -81
d0:c7:c0:71:74:92 -89 -89 -89 -89 -89 -89 -89 -89 -89
c8:3a:35:2f:e1:b8 -82 -84 -84 -84 -79 -79 -79 -79 -74 -74
c6:c6:c6:c6:c6:14 -89 -89 -85 -85 -85 -85 -85 -85 -85 -85
2e:d0:5a:6e:32:85 -82 -82 -81 -80 -87 -87 -87 -84 -84 -84
d0:c7:c0:71:74:54 -81 -81 -81 -81 -85 -86 -86 -86 -86 -86
00:21:6b:91:fb:2b -91 -91 -91
00:36:76:3b:06:de -87 -87 -87 -87
d8:15:0d:2d:bb:4e -94 -94 -94 -94 -94 -94
d8:15:0d:d4:56:08 -88 -88 -88 -88 -92 -92 -92 -92 -92 -92
a4:99:47:e7:72:c4 -90 -90 -90 -90 -90 -90 -90 -90
0c:72:2c:7d:27:68 -91 -91 -91 -91 -91 -91 -91 -91
