d8:15:0d:9d:d1:be -68 -61 -61 -61 -63 -61 -59 -59 -59 -61
ec:88:8f:c7:07:e6 -68 -68 -68 -68 -67 -67 -67 -67 -67 -67
c6:c6:c6:c6:c6:06 -75 -73 -73 -69 -73 -78 -66 -66 -67 -67
00:21:6a:bd:77:58 -83 -83 -79 -79 -80 -80 -76 -79 -79 -79
c6:c6:c6:c6:c6:01 -73 -69 -73 -70 -68 -67 -70 -66 -66 -68
74:d0:2b:89:83:88 -78 -75 -75 -74 -71 -72 -75 -75 -75 -74
74:d0:2b:89:83:8c -77 -81 -80 -83 -76 -79 -78 -77 -80 -75
00:90:4c:60:00:2c -72 -70 -65 -65 -65 -64 -63 -63 -63 -63
c8:3a:35:16:2b:e8 -65 -61 -67 -62 -62 -69 -70 -70 -69 -69
d0:c7:c0:71:5b:76 -71 -70 -73 -69 -68 -68 -66 -69 -69 -69
2e:d0:5a:6e:32:85 -83 -83 -83 -82 -83 -83 -83 -83 -83 -83
c6:c6:c6:c6:c6:11 -55 -59 -59 -59 -58 -55 -55 -55 -54 -54
c6:c6:c6:c6:c6:05 -67 -63 -64 -65 -66 -66 -69 -70 -70 -69
c6:c6:c6:c6:c6:13 -71 -72 -71 -73 -73 -70 -70 -70 -70 -73
d0:c7:c0:71:74:54 -79 -79 -79 -78 -82 -82 -82 -78 -78 -78
6c:6c:6c:6c:6c:09 -63 -62 -59 -61 -61 -61 -61 -61 -59 -59
c6:c6:c6:c6:c6:20 -73 -73 -73 -81 -78 -78 -78 -78 -75 -75
00:90:4c:60:00:1c -62 -62 -61 -61 -61 -60 -59 -60 -60 -61
c6:c6:c6:c6:c6:16 -85 -85 -85 -85 -86 -82 -82 -82 -82 -78
d0:c7:c0:71:74:92 -92 -92 -92 -92 -88 -88 -88 -88 -88 -88
28:2c:b2:16:39:fe -85 -85 -85 -85 -85 -85 -85 -85 -78
00:21:6b:91:fb:2b -85 -85 -85 -87 -87 -83 -84 -84 -84 -83
c8:3a:35:2f:e1:b8 -83 -74 -71 -69 -69 -78 -78 -78 -78 -79
1c:fa:68:fe:c8:93 -87
80:f6:2e:20:8e:51 -87
84:1b:5e:f2:19:79 -87
a4:99:47:e7:72:c4 -89 -89 -89 -89
c6:c6:c6:c6:c6:14 -91 -91 -90 -90 -90
