d8:15:0d:9d:d1:be -60 -60 -64 -65 -65 -62 -62 -62 -62 -63
ec:88:8f:c7:07:e6 -77 -77 -77 -76 -76 -76 -76 -76 -75 -75
c6:c6:c6:c6:c6:06 -69 -74 -78 -72 -77 -73 -74 -75 -71 -75
00:21:6a:bd:77:58 -77 -80 -73 -81 -81 -84 -84 -84 -84 -84
c6:c6:c6:c6:c6:01 -68 -75 -77 -74 -69 -69 -67 -71 -69 -76
74:d0:2b:89:83:88 -66 -73 -69 -72 -69 -69 -72 -72 -71 -72
74:d0:2b:89:83:8c -76 -77 -79 -76 -77 -77 -77 -78 -78 -80
00:90:4c:60:00:2c -66 -68 -67 -67 -70 -70 -65 -68 -67 -67
c8:3a:35:16:2b:e8 -68 -68 -67 -67 -64 -64 -66 -70 -67 -67
d0:c7:c0:71:5b:76 -69 -69 -72 -72 -72 -75 -75 -75 -75 -75
c6:c6:c6:c6:c6:11 -51 -58 -58 -55 -55 -62 -62 -62 -62 -62
c6:c6:c6:c6:c6:05 -67 -67 -67 -67 -74 -76 -76 -76 -76 -76
c6:c6:c6:c6:c6:13 -67 -70 -66 -66 -66 -66 -69 -69 -69 -69
6c:6c:6c:6c:6c:09 -62 -65 -61 -62 -71 -71 -64 -65 -65 -65
c6:c6:c6:c6:c6:20 -76 -76 -73 -78 -72 -77 -77 -77 -77 -77
00:90:4c:60:00:1c -64 -64 -68 -64 -64 -66 -62 -63 -62 -62
c6:c6:c6:c6:c6:16 -77 -81 -81 -81 -82 -80 -80 -78 -78 -78
c8:3a:35:2f:e1:b8 -77 -70 -74 -75 -73 -73 -71 -66 -70 -74
2e:d0:5a:6e:32:85 -90 -90 -90 -89 -86 -86 -86 -89 -89 -89
d0:c7:c0:71:74:54 -82 -83 -84 -80 -83 -83 -83 -83 -83 -83
d8:15:0d:d4:56:08 -90 -90 -85 -85 -85 -88 -88 -88
c6:c6:c6:c6:c6:14 -93 -93 -93 -93 -93 -90 -90 -90
00:21:6b:91:fb:2b -90 -90 -90 -90 -90 -90 -90 -90 -90 -90
28:2c:b2:16:39:fe -86 -82 -81 -81 -81 -81 -81 -81 -81
d0:c7:c0:71:74:92 -93 -93 -92 -92 -92 -92 -92 -92 -92
a4:99:47:e7:72:c4 -93
