d8:15:0d:9d:d1:be -61 -63 -63 -63 -63 -63 -63 -63 -63 -64
ec:88:8f:c7:07:e6 -81 -81 -81 -81 -81 -81 -81 -81 -81 -82
c6:c6:c6:c6:c6:06 -75 -72 -73 -74 -72 -73 -73 -73 -73 -74
00:21:6a:bd:77:58 -79 -79 -80 -82 -82 -78 -77 -77 -77 -78
c6:c6:c6:c6:c6:01 -68 -72 -72 -65 -64 -65 -67 -66 -70 -73
74:d0:2b:89:83:88 -78 -76 -72 -70 -70 -70 -70 -70 -68 -68
74:d0:2b:89:83:8c -72 -72 -68 -74 -72 -76 -76 -73 -75 -75
00:90:4c:60:00:2c -69 -67 -65 -70 -71 -71 -70 -74 -68 -70
c8:3a:35:16:2b:e8 -71 -71 -71 -69 -66 -66 -66 -67 -69 -68
d0:c7:c0:71:5b:76 -68 -68 -68 -67 -67 -68 -65 -68 -68 -68
c6:c6:c6:c6:c6:11 -52 -56 -56 -60 -60 -59 -59 -59 -59 -61
c6:c6:c6:c6:c6:05 -73 -73 -73 -73 -73 -73 -73 -75 -70 -73
c6:c6:c6:c6:c6:13 -65 -73 -70 -67 -67 -65 -65 -65 -65 -65
6c:6c:6c:6c:6c:09 -67 -67 -68 -66 -66 -62 -62 -62 -74 -66
c6:c6:c6:c6:c6:20 -78 -75 -75 -75 -75 -81 -81 -77 -77 -76
00:90:4c:60:00:1c -66 -68 -69 -69 -69 -71 -71 -72 -72 -67
c8:3a:35:2f:e1:b8 -80 -72 -84 -86 -86 -84 -79 -77 -77 -81
c6:c6:c6:c6:c6:16 -78 -78 -78 -78 -78 -76 -80 -76 -75 -75
d0:c7:c0:71:74:54 -80 -80 -82 -82 -82 -82 -84 -84 -84 -84
2e:d0:5a:6e:32:85 -85 -84 -84 -84 -89 -89 -89 -89 -89 -86
28:2c:b2:16:39:fe -87 -80 -85 -85 -85 -85 -85 -91 -91 -91
d0:c7:c0:71:74:92 -87 -87 -87 -87 -91 -91 -91 -91 -91 -91
c6:c6:c6:c6:c6:14 -89 -89 -89 -89 -89 -90 -90 -90 -90 -87
d8:15:0d:d4:56:08 -90 -90 -90 -90 -90 -90
00:25:86:84:8e:aa -93 -93 -91 -91 -91 -91
a4:99:47:e7:72:c4 -90 -90
