d8:15:0d:9d:d1:be -73 -72 -72 -72 -72 -70 -73 -73 -69 -69
ec:88:8f:c7:07:e6 -77 -77 -77 -77 -77 -77 -77 -77 -77 -77
c6:c6:c6:c6:c6:06 -75 -72 -71 -74 -76 -72 -70 -74 -73 -77
00:21:6a:bd:77:58 -81 -81 -81 -81 -81 -81 -84 -84 -84 -81
c6:c6:c6:c6:c6:01 -72 -74 -70 -72 -72 -72 -74 -78 -71 -75
74:d0:2b:89:83:88 -72 -76 -77 -76 -76 -69 -70 -74 -71 -69
74:d0:2b:89:83:8c -78 -79 -79 -80 -84 -82 -82 -79 -82 -80
00:90:4c:60:00:2c -73 -66 -66 -66 -66 -68 -67 -67 -67 -71
c8:3a:35:16:2b:e8 -74 -73 -73 -72 -72 -68 -70 -71 -71 -73
d0:c7:c0:71:5b:76 -71 -71 -71 -69 -69 -69 -69 -70 -70 -70
c6:c6:c6:c6:c6:11 -61 -61 -61 -61 -64 -63 -64 -64 -63 -64
c6:c6:c6:c6:c6:05 -77 -73 -73 -69 -69 -69 -69 -69 -69 -70
c6:c6:c6:c6:c6:13 -68 -68 -68 -71 -80 -77 -70 -69 -76 -76
6c:6c:6c:6c:6c:09 -68 -71 -69 -73 -74 -74 -77 -77 -77 -72
c6:c6:c6:c6:c6:20 -80 -82 -83 -82 -84 -84 -83 -82 -82 -81
00:90:4c:60:00:1c -58 -55 -55 -53 -52 -55 -55 -53 -55 -54
c8:3a:35:2f:e1:b8 -67 -74 -70 -68 -68 -76 -78 -73 -77 -76
c6:c6:c6:c6:c6:16 -84 -84 -84 -84 -84 -86 -86 -87 -87 -82
d0:c7:c0:71:74:54 -86 -88 -88 -87 -91 -91 -88 -88 -89 -89
2e:d0:5a:6e:32:85 -86 -90 -90 -88 -87 -87 -87 -87 -87 -86
d0:c7:c0:71:74:92 -86 -94
28:2c:b2:16:39:fe -89 -89 -89 -85 -85 -87 -84 -84 -84 -88
d8:15:0d:d4:56:08 -87 -87 -87 -87 -90 -90 -90 -90 -90 -90
00:25:86:84:8e:aa -89 -89 -89
a4:99:47:e7:72:c4 -93 -93 -93 -93 -85 -85 -85 -85 -85 -85
3c:e5:a6:bf:e9:db -94 -94 -94 -94 -94 -94 -94
80:f6:2e:20:8e:51 -89 -89 -89 -89 -89 -89 -88 -88 -88 -88
9c:21:6a:f4:cf:79 -90 -90 -90 -90 -90 -90 -90 -90
80:f6:2e:20:8e:50 -89 -89 -89 -89 -89 -89 -89 -89
80:f6:2e:20:58:d1 -78 -78 -78 -78 -78 -78 -78 -85
00:36:76:3b:06:de -90 -90 -90 -90 -90 -90
c6:c6:c6:c6:c6:14 -93 -93 -93
80:f6:2e:20:58:d0 -84
