d8:15:0d:9d:d1:be -62 -62 -61 -61 -61 -61 -60 -60 -61 -61
ec:88:8f:c7:07:e6 -74 -74 -74 -74 -74 -74 -74 -74 -74 -74
c6:c6:c6:c6:c6:06 -75 -79 -75 -71 -70 -76 -75 -74 -74 -77
00:21:6a:bd:77:58 -82 -82 -82 -82 -82 -81 -81 -81 -81 -81
c6:c6:c6:c6:c6:01 -75 -67 -67 -68 -68 -69 -69 -69 -69 -68
74:d0:2b:89:83:88 -69 -72 -67 -65 -75 -75 -77 -73 -72 -68
74:d0:2b:89:83:8c -76 -77 -78 -74 -73 -75 -76 -75 -75 -72
00:90:4c:60:00:2c -71 -70 -65 -65 -67 -72 -70 -72 -70 -80
c8:3a:35:16:2b:e8 -68 -69 -69 -70 -69 -70 -68 -68 -72 -72
d0:c7:c0:71:5b:76 -73 -75 -75 -75 -75 -74 -74 -74 -74 -74
c6:c6:c6:c6:c6:11 -52 -50 -50 -54 -51 -50 -50 -50 -56 -53
c6:c6:c6:c6:c6:05 -78 -78 -74 -74 -70 -70 -70 -66 -66 -72
c6:c6:c6:c6:c6:13 -73 -73 -73 -83 -83 -83 -83 -83 -71 -71
6c:6c:6c:6c:6c:09 -64 -66 -66 -69 -64 -64 -64 -64 -65 -69
c6:c6:c6:c6:c6:20 -73 -73 -77 -77 -80 -80 -80 -80 -80 -83
00:90:4c:60:00:1c -53 -56 -54 -53 -53 -54 -54 -54 -54 -56
c8:3a:35:2f:e1:b8 -66 -68 -66 -67 -67 -67 -69 -70 -68 -60
c6:c6:c6:c6:c6:16 -78 -78 -78 -80 -85 -81 -81 -80 -80 -78
c6:c6:c6:c6:c6:14 -90 -90 -90
d0:c7:c0:71:74:54 -83 -83 -83 -83 -83 -89 -91 -91 -87 -83
2e:d0:5a:6e:32:85 -84 -84 -84 -84 -84 -87 -88 -88 -87 -87
28:2c:b2:16:39:fe -87 -87 -87 -87 -88 -87 -87 -87 -84
80:f6:2e:20:58:d0 -88 -88 -88 -88
d8:15:0d:d4:56:08 -88 -88 -88 -88 -88 -91 -91
a4:99:47:e7:72:c4 -91 -91 -91 -91 -91 -91
d0:c7:c0:71:74:92 -91 -91 -91 -91 -91 -91 -90 -90
84:1b:5e:f2:19:79 -85 -85
3c:e5:a6:bf:e9:db -94 -94
