d8:15:0d:9d:d1:be -65 -68 -66 -68 -66 -66 -63 -61 -67 -67
ec:88:8f:c7:07:e6 -70 -70 -70 -70 -70 -70 -70 -69 -69 -69
c6:c6:c6:c6:c6:06 -69 -78 -71 -71 -76 -68 -73 -74 -76 -75
00:21:6a:bd:77:58 -79 -79 -78 -78 -78 -78 -78 -75 -76 -76
c6:c6:c6:c6:c6:01 -71 -67 -69 -69 -69 -69 -65 -67 -67 -67
74:d0:2b:89:83:88 -74 -74 -72 -73 -73 -77 -75 -75 -82 -78
74:d0:2b:89:83:8c -77 -79 -80 -78 -78 -80 -81 -85 -81 -81
00:90:4c:60:00:2c -68 -69 -71 -70 -65 -63 -65 -65 -70 -70
c8:3a:35:16:2b:e8 -64 -63 -63 -58 -57 -65 -61 -61 -58 -63
d0:c7:c0:71:5b:76 -66 -69 -71 -71 -68 -68 -66 -66 -68 -68
c6:c6:c6:c6:c6:11 -57 -55 -57 -58 -58 -58 -55 -55 -57 -58
c6:c6:c6:c6:c6:05 -64 -65 -64 -64 -64 -64 -64 -64 -66 -66
c6:c6:c6:c6:c6:13 -71 -71 -67 -62 -62 -62 -62 -65 -63 -63
d0:c7:c0:71:74:54 -80 -78 -77 -77 -77 -77 -77 -77 -77 -80
6c:6c:6c:6c:6c:09 -78 -67 -67 -63 -62 -62 -63 -64 -61 -61
c6:c6:c6:c6:c6:20 -77 -74 -71 -70 -74 -74 -76 -76 -70 -74
00:90:4c:60:00:1c -64 -63 -65 -64 -64 -64 -64 -64 -65 -62
c6:c6:c6:c6:c6:16 -81 -81 -77 -74 -77 -77 -77 -77 -73 -69
d0:c7:c0:71:74:92 -91 -91 -91 -91 -90 -91 -91 -91 -91 -91
c8:3a:35:2f:e1:b8 -74 -75 -77 -75 -75 -75 -73 -75 -75 -70
c6:c6:c6:c6:c6:14 -88 -88 -88 -88 -88 -88 -88 -88 -89 -89
28:2c:b2:16:39:fe -81 -81 -78 -78 -78 -80 -83 -83 -83 -79
2e:d0:5a:6e:32:85 -80 -83 -83 -83 -82 -80 -80 -80 -80 -81
80:f6:2e:20:8e:50 -92 -92 -92
00:25:86:84:8e:aa -90 -90 -90 -90 -90 -90 -90 -90 -90
1c:fa:68:50:a2:22 -87
c0:61:18:45:71:82 -95 -95 -95
d8:15:0d:d4:56:08 -89 -89 -89 -89 -89
00:21:6b:91:fb:2b -89 -89 -89 -87 -88 -86 -86 -86 -86
2a:5d:60:01:e3:cf -90 -90 -90 -90 -90 -90 -90 -90
9c:21:6a:f4:cf:79 -88 -88 -88 -88 -88 -88 -88
1c:fa:68:fe:c8:93 -91
