d8:15:0d:9d:d1:be -60 -64 -65 -64 -66 -64 -64 -64 -64 -63
ec:88:8f:c7:07:e6 -70 -71 -71 -71 -71 -71 -78 -78 -78 -78
c6:c6:c6:c6:c6:06 -72 -74 -70 -70 -71 -71 -69 -74 -71 -75
00:21:6a:bd:77:58 -77 -76 -78 -77 -77 -77 -77 -70 -74 -73
c6:c6:c6:c6:c6:01 -69 -73 -69 -67 -70 -67 -73 -69 -73 -69
74:d0:2b:89:83:88 -71 -72 -71 -71 -73 -77 -77 -79 -78 -79
74:d0:2b:89:83:8c -78 -77 -77 -76 -76 -77 -77 -76 -76 -75
00:90:4c:60:00:2c -67 -81 -70 -70 -70 -70 -73 -76 -76 -76
c8:3a:35:16:2b:e8 -62 -62 -65 -65 -65 -67 -66 -66 -64 -66
d0:c7:c0:71:5b:76 -69 -69 -77 -77 -77 -73 -73 -72 -72 -72
c6:c6:c6:c6:c6:11 -64 -59 -60 -60 -59 -58 -58 -58 -58 -55
c6:c6:c6:c6:c6:05 -65 -70 -70 -69 -70 -69 -69 -70 -70 -70
c6:c6:c6:c6:c6:13 -68 -71 -66 -66 -66 -72 -72 -72 -69 -70
6c:6c:6c:6c:6c:09 -61 -56 -56 -55 -55 -53 -54 -55 -57 -57
c6:c6:c6:c6:c6:20 -77 -75 -75 -75 -75 -75 -75 -75 -74 -74
00:90:4c:60:00:1c -61 -61 -61 -59 -60 -59 -60 -60 -58 -56
c8:3a:35:2f:e1:b8 -67 -68 -66 -67 -69 -69 -73 -70 -66 -66
c6:c6:c6:c6:c6:16 -75 -75 -78 -79 -74 -74 -72 -71 -76 -76
c6:c6:c6:c6:c6:14 -87 -87 -87 -87 -87 -87 -87 -87 -89 -89
1c:fa:68:fe:c8:93 -89 -89 -89
80:f6:2e:20:58:d1 -85
9c:21:6a:9a:55:88 -90 -90 -90 -90 -90 -87 -87 -87 -87
a4:99:47:e7:72:c4 -90 -90 -90 -90 -90 -90 -90 -90 -90 -90
c0:61:18:45:71:82 -93 -93 -93 -93 -93 -93
00:21:6b:91:fb:2b -89 -89 -89 -89 -89 -89 -89
28:2c:b2:16:39:fe -85 -85 -85 -85 -85 -80 -80 -80 -80 -80
d0:c7:c0:71:74:92 -91 -91 -91 -91 -91 -93 -93 -93 -93 -93
00:36:76:3b:06:de -90
